#   log L/Lo    log Teff        B_V          V_R          V_K          R_I          J_H          H_K          V_I          U_V          BC(V)        dmag_v     log age (yr)
   0.2854578    5.0044092   -0.3480463   -0.1469713   -1.0476107   -0.2064593   -0.1511437   -0.1325131   -0.3534306   -1.6680014   -6.8747577   10.9130674    5.3512720
   0.2420410    4.9938527   -0.3474604   -0.1466289   -1.0455925   -0.2059933   -0.1508317   -0.1322771   -0.3526222   -1.6658710   -6.7916528   10.9385044    5.3755202
   0.1993082    4.9834565   -0.3469273   -0.1463123   -1.0436814   -0.2055534   -0.1505334   -0.1320524   -0.3518657   -1.6638159   -6.7094601   10.9631438    5.4014405
   0.1573410    4.9732383   -0.3463797   -0.1459915   -1.0417734   -0.2051106   -0.1502387   -0.1318324   -0.3511021   -1.6617274   -6.6287242   10.9873258    5.4292805
   0.1160987    4.9631972   -0.3458657   -0.1456865   -1.0399306   -0.2046831   -0.1499527   -0.1316205   -0.3503696   -1.6596830   -6.5492128   11.0109202    5.4593756
   0.0756932    4.9533598   -0.3453447   -0.1453808   -1.0381051   -0.2042565   -0.1496720   -0.1314145   -0.3496373   -1.6576250   -6.4713062   11.0340274    5.4921313
   0.0361165    4.9437248   -0.3448247   -0.1450777   -1.0363086   -0.2038340   -0.1493976   -0.1312153   -0.3489117   -1.6555679   -6.3949502   11.0566131    5.5280538
  -0.0025718    4.9343083   -0.3443310   -0.1447877   -1.0345719   -0.2034251   -0.1491317   -0.1310241   -0.3482128   -1.6535497   -6.3202414   11.0786251    5.5678143
  -0.0401351    4.9251726   -0.3438379   -0.1445010   -1.0328734   -0.2030222   -0.1488740   -0.1308408   -0.3475232   -1.6515451   -6.2477386   11.1000305    5.6122916
  -0.0764633    4.9163319   -0.3433673   -0.1442264   -1.0312389   -0.2026334   -0.1486261   -0.1306665   -0.3468599   -1.6495882   -6.1775228   11.1206352    5.6626823
  -0.1112943    4.9078737   -0.3429109   -0.1439615   -1.0296703   -0.2022582   -0.1483895   -0.1305021   -0.3462197   -1.6476827   -6.1103242   11.1405141    5.7206442
  -0.1444300    4.8998341   -0.3424752   -0.1437091   -1.0281791   -0.2018998   -0.1481655   -0.1303483   -0.3456090   -1.6458456   -6.0464311   11.1594602    5.7885153
  -0.1754135    4.8923422   -0.3420715   -0.1434750   -1.0267926   -0.2015655   -0.1479576   -0.1302072   -0.3450405   -1.6441154   -5.9868724   11.1773603    5.8696226
  -0.2042817    4.8853910   -0.3416906   -0.1432554   -1.0255010   -0.2012522   -0.1477651   -0.1300782   -0.3445076   -1.6424827   -5.9316123   11.1942707    5.9684502
  -0.2305369    4.8791095   -0.3413447   -0.1430565   -1.0243333   -0.2009678   -0.1475917   -0.1299633   -0.3440243   -1.6409892   -5.8816722   11.2099686    6.0841562
  -0.2538467    4.8735554   -0.3410374   -0.1428802   -1.0233003   -0.2007152   -0.1474389   -0.1298632   -0.3435954   -1.6396537   -5.8375148   11.2240857    6.2071646
  -0.2747195    4.8685999   -0.3407659   -0.1427238   -1.0223805   -0.2004899   -0.1473027   -0.1297749   -0.3432137   -1.6384549   -5.7981115   11.2368644    6.3228570
  -0.2955018    4.8636636   -0.3404912   -0.1425664   -1.0214605   -0.2002635   -0.1471673   -0.1296879   -0.3428299   -1.6372445   -5.7588751   11.2495838    6.4329840
  -0.3177219    4.8583735   -0.3401960   -0.1423974   -1.0204736   -0.2000198   -0.1470224   -0.1295959   -0.3424172   -1.6359347   -5.7168316   11.2630905    6.5391584
  -0.3424132    4.8524729   -0.3398654   -0.1422084   -1.0193711   -0.1997465   -0.1468610   -0.1294947   -0.3419549   -1.6344570   -5.6699471   11.2779343    6.6425369
  -0.3703238    4.8457802   -0.3394840   -0.1419919   -1.0181179   -0.1994340   -0.1466789   -0.1293824   -0.3414258   -1.6327537   -5.6167896   11.2945533    6.7438348
  -0.4020513    4.8381388   -0.3390493   -0.1417446   -1.0166846   -0.1990750   -0.1464711   -0.1292564   -0.3408196   -1.6307834   -5.5561197   11.3132021    6.8433726
  -0.4379756    4.8294642   -0.3385511   -0.1414619   -1.0150528   -0.1986636   -0.1462358   -0.1291169   -0.3401256   -1.6285056   -5.4872881   11.3341813    6.9411231
  -0.4783196    4.8196968   -0.3379811   -0.1411407   -1.0132110   -0.1981953   -0.1459727   -0.1289655   -0.3393359   -1.6258828   -5.4098528   11.3576060    7.0367749
  -0.5230827    4.8088333   -0.3373409   -0.1407801   -1.0111501   -0.1976669   -0.1456803   -0.1288028   -0.3384470   -1.6228949   -5.3238325   11.3834934    7.1297823
  -0.5719987    4.7969381   -0.3366278   -0.1403801   -1.0088784   -0.1970785   -0.1453611   -0.1286328   -0.3374586   -1.6195280   -5.2297955   11.4117464    7.2195085
  -0.6245351    4.7841389   -0.3358449   -0.1399427   -1.0064124   -0.1964320   -0.1450186   -0.1284600   -0.3363746   -1.6157837   -5.1288352   11.4421270    7.3053895
  -0.6801026    4.7705874   -0.3349960   -0.1394702   -1.0037713   -0.1957302   -0.1446567   -0.1282894   -0.3352004   -1.6116683   -5.0222483   11.4744589    7.3870620
  -0.7381125    4.7564123   -0.3340824   -0.1389637   -1.0009662   -0.1949737   -0.1442781   -0.1281258   -0.3339374   -1.6071775   -4.9111791   11.5084145    7.4643857
  -0.7979913    4.7417650   -0.3331078   -0.1384257   -0.9980208   -0.1941654   -0.1438878   -0.1279759   -0.3325911   -1.6023169   -4.7969303   11.5438627    7.5374583
  -0.8593024    4.7267533   -0.3320739   -0.1378555   -0.9949299   -0.1933030   -0.1434852   -0.1278419   -0.3311586   -1.5970819   -4.6804500   11.5806602    7.6065763
  -0.9218297    4.7114219   -0.3309778   -0.1372519   -0.9916981   -0.1923837   -0.1430731   -0.1277311   -0.3296357   -1.5914447   -4.5621917   11.6187201    7.6721450
  -0.9852858    4.6958456   -0.3298146   -0.1366105   -0.9882991   -0.1913990   -0.1426480   -0.1276459   -0.3280095   -1.5853652   -4.4429762   11.6581449    7.7346047
  -1.0493506    4.6801106   -0.3285794   -0.1359274   -0.9847145   -0.1903408   -0.1422083   -0.1275921   -0.3262682   -1.5787963   -4.3237537   11.6990843    7.7943883
  -1.1138328    4.6642530   -0.3272630   -0.1351954   -0.9809054   -0.1891954   -0.1417491   -0.1275758   -0.3243908   -1.5716610   -4.2051160   11.7416522    7.8519002
  -1.1783094    4.6483907   -0.3258629   -0.1344101   -0.9768393   -0.1879519   -0.1412652   -0.1276029   -0.3223620   -1.5639047   -4.0883089   11.7860365    7.9074829
  -1.2426912    4.6325394   -0.3243682   -0.1335609   -0.9724431   -0.1865885   -0.1407446   -0.1276790   -0.3201494   -1.5554087   -3.9738596   11.8325418    7.9614006
  -1.3084707    4.6162143   -0.3227152   -0.1326048   -0.9674564   -0.1850272   -0.1401499   -0.1278136   -0.3176320   -1.5457077   -3.8589088   11.8820397    8.0138646
  -1.3622179    4.6027876   -0.3212598   -0.1317442   -0.9628952   -0.1835949   -0.1395949   -0.1279685   -0.3153391   -1.5368462   -3.7670659   11.9245648    8.0638239
  -1.3989861    4.5933019   -0.3202193   -0.1311139   -0.9594468   -0.1825253   -0.1391584   -0.1280789   -0.3136391   -1.5302647   -3.7027760   11.9521954    8.0941984
  -1.4262970    4.5864207   -0.3193954   -0.1306067   -0.9566364   -0.1816553   -0.1387964   -0.1281758   -0.3122620   -1.5249406   -3.6581142   11.9758108    8.1225866
  -1.4567208    4.5787009   -0.3184468   -0.1300138   -0.9533152   -0.1806216   -0.1383638   -0.1283126   -0.3106355   -1.5185859   -3.6091326   12.0028888    8.1492325
  -1.4799927    4.5729474   -0.3177139   -0.1295456   -0.9506008   -0.1797953   -0.1379955   -0.1284005   -0.3093408   -1.5135550   -3.5734766   12.0254125    8.1743377
  -1.5063964    4.5663560   -0.3168542   -0.1289861   -0.9472801   -0.1787928   -0.1375336   -0.1285032   -0.3077789   -1.5074522   -3.5335950   12.0515402    8.1980706
  -1.5288328    4.5608342   -0.3161183   -0.1284976   -0.9443107   -0.1779033   -0.1371107   -0.1285925   -0.3064008   -1.5020384   -3.5010217   12.0750578    8.2205734
  -1.5527152    4.5549121   -0.3153093   -0.1279487   -0.9408605   -0.1768898   -0.1366030   -0.1286686   -0.3048385   -1.4958958   -3.4670015   12.1007437    8.2419675
  -1.5745350    4.5495559   -0.3145632   -0.1274313   -0.9375080   -0.1759191   -0.1360962   -0.1287261   -0.3033504   -1.4900203   -3.4370768   12.1253685    8.2623570
  -1.5935023    4.5448629   -0.3138860   -0.1269527   -0.9342969   -0.1750153   -0.1355952   -0.1287374   -0.3019680   -1.4846099   -3.4115085   12.1472184    8.2754369
  -1.6075279    4.5414306   -0.3133957   -0.1265995   -0.9318833   -0.1743336   -0.1352143   -0.1287573   -0.3009331   -1.4804835   -3.3932494   12.1640233    8.2881344
  -1.6225176    4.5377368   -0.3128521   -0.1262027   -0.9290972   -0.1735659   -0.1347647   -0.1287451   -0.2997686   -1.4758816   -3.3739751   12.1822233    8.3004711
  -1.6365493    4.5342703   -0.3123360   -0.1258203   -0.9263520   -0.1728184   -0.1343145   -0.1287197   -0.2986387   -1.4714051   -3.3562558   12.1995832    8.3124670
  -1.6504125    4.5308701   -0.3118199   -0.1254330   -0.9235096   -0.1720567   -0.1338411   -0.1286721   -0.2974897   -1.4668640   -3.3392082   12.2171936    8.3241405
  -1.6732046    4.5252443   -0.3109227   -0.1247533   -0.9184008   -0.1707242   -0.1329743   -0.1285149   -0.2954775   -1.4590323   -3.3116321   12.2465977    8.3410827
  -1.6840115    4.5225859   -0.3105023   -0.1244283   -0.9158968   -0.1700751   -0.1325429   -0.1284363   -0.2945034   -1.4551933   -3.2988802   12.2608631    8.3520211
  -1.6975824    4.5192368   -0.3099374   -0.1239935   -0.9125173   -0.1692199   -0.1319559   -0.1282830   -0.2932134   -1.4502322   -3.2830183   12.2789284    8.3626907
  -1.7100919    4.5161912   -0.3094229   -0.1235914   -0.9093301   -0.1684200   -0.1313966   -0.1281287   -0.2920114   -1.4455816   -3.2688769   12.2960608    8.3731045
  -1.7231029    4.5129677   -0.3088505   -0.1231456   -0.9057744   -0.1675424   -0.1307686   -0.1279242   -0.2906879   -1.4405510   -3.2540421   12.3137535    8.3832745
  -1.7442893    4.5077622   -0.3078804   -0.1223875   -0.8996626   -0.1660590   -0.1296808   -0.1275190   -0.2884464   -1.4321532   -3.2305109   12.3431883    8.3980963
  -1.7623224    4.5033289   -0.3070052   -0.1217053   -0.8941152   -0.1647381   -0.1286862   -0.1270955   -0.2864434   -1.4247974   -3.2106501   12.3684103    8.4124289
  -1.7934537    4.4956569   -0.3052757   -0.1203982   -0.8837085   -0.1623130   -0.1268278   -0.1261609   -0.2827112   -1.4118091   -3.1759936   12.4115819    8.4330782
  -1.8185221    4.4894773   -0.3037805   -0.1192722   -0.8747033   -0.1602538   -0.1252130   -0.1252585   -0.2795259   -1.4010160   -3.1482356   12.4464950    8.4527901
  -1.8629260    4.4785364   -0.3007177   -0.1170542   -0.8575922   -0.1564004   -0.1221824   -0.1233489   -0.2734546   -1.3817383   -3.0976734   12.5069425    8.4807756
  -1.9120822    4.4664264   -0.2968696   -0.1143739   -0.8376450   -0.1519589   -0.1187027   -0.1209226   -0.2663327   -1.3604453   -3.0391497   12.5713093    8.5048853
  -1.9320274    4.4615063   -0.2952329   -0.1132551   -0.8294466   -0.1501429   -0.1172850   -0.1198810   -0.2633980   -1.3518972   -3.0144623   12.5964850    8.5241685
  -1.9613535    4.4542515   -0.2926834   -0.1115433   -0.8171814   -0.1474179   -0.1151879   -0.1183115   -0.2589611   -1.3392473   -2.9775978   12.6329356    8.5426318
  -1.9744217    4.4510504   -0.2915690   -0.1108008   -0.8118858   -0.1462419   -0.1142864   -0.1176245   -0.2570427   -1.3338008   -2.9607506   12.6487590    8.5545185
  -1.9931637    4.4464117   -0.2898809   -0.1096876   -0.8040548   -0.1444962   -0.1129630   -0.1166124   -0.2541839   -1.3257619   -2.9365291   12.6713925    8.5660885
  -1.9945299    4.4460674   -0.2897728   -0.1095993   -0.8033529   -0.1443472   -0.1128386   -0.1165092   -0.2539465   -1.3251067   -2.9349342   12.6732131    8.5698777
  -2.0000402    4.4447100   -0.2892794   -0.1092796   -0.8011266   -0.1438488   -0.1124648   -0.1162231   -0.2531284   -1.3227994   -2.9276578   12.6797124    8.5736341
  -2.0036030    4.4438366   -0.2889722   -0.1090772   -0.7997060   -0.1435320   -0.1122255   -0.1160382   -0.2526092   -1.3213434   -2.9228993   12.6838609    8.5761204
  -2.0075072    4.4428680   -0.2886241   -0.1088513   -0.7981361   -0.1431804   -0.1119623   -0.1158362   -0.2520316   -1.3197207   -2.9176254   12.6883476    8.5785926
  -2.0114843    4.4418787   -0.2882634   -0.1086166   -0.7965049   -0.1428151   -0.1116889   -0.1156258   -0.2514316   -1.3180388   -2.9122986   12.6929635    8.5810508
  -2.0179921    4.4402730   -0.2876631   -0.1082281   -0.7938186   -0.1422123   -0.1112398   -0.1152808   -0.2504404   -1.3152616   -2.9037547   12.7006891    8.5847122
  -2.0277507    4.4378658   -0.2867657   -0.1076457   -0.7897887   -0.1413083   -0.1105666   -0.1147616   -0.2489540   -1.3111048   -2.8908878   12.7122187    8.5901471
  -2.0321373    4.4367766   -0.2863624   -0.1073766   -0.7878986   -0.1408872   -0.1102490   -0.1145126   -0.2482639   -1.3091907   -2.8851613   12.7174587    8.5937329
  -2.0416043    4.4344352   -0.2855023   -0.1068259   -0.7841205   -0.1400352   -0.1096213   -0.1140311   -0.2468612   -1.3052479   -2.8722739   12.7282388    8.5990567
  -2.0459082    4.4333905   -0.2851431   -0.1065921   -0.7824992   -0.1396710   -0.1093511   -0.1138216   -0.2462631   -1.3035702   -2.8663032   12.7330278    8.6025700
  -2.0514575    4.4320104   -0.2846153   -0.1062508   -0.7801522   -0.1391425   -0.1089611   -0.1135205   -0.2453933   -1.3011398   -2.8589667   12.7395646    8.6060551
  -2.0571512    4.4306020   -0.2840954   -0.1059156   -0.7778501   -0.1386233   -0.1085792   -0.1132260   -0.2445389   -1.2987459   -2.8512279   12.7460601    8.6095125
  -2.0667875    4.4282102   -0.2832060   -0.1053467   -0.7739641   -0.1377438   -0.1079366   -0.1127330   -0.2430905   -1.2946763   -2.8380411   12.7569640    8.6146474
  -2.0807134    4.4247704   -0.2819546   -0.1045529   -0.7685658   -0.1365168   -0.1070471   -0.1120560   -0.2410697   -1.2889582   -2.8186082   12.7723458    8.6222378
  -2.1009491    4.4197807   -0.2800967   -0.1033655   -0.7604908   -0.1346804   -0.1057182   -0.1110417   -0.2380459   -1.2804450   -2.7908493   12.7951761    8.6333803
  -2.1307492    4.4123926   -0.2774018   -0.1016637   -0.7490019   -0.1320453   -0.1038389   -0.1096333   -0.2337090   -1.2680854   -2.7486425   12.8274696    8.6495757
  -2.1551135    4.4063933   -0.2751750   -0.1002430   -0.7394218   -0.1298428   -0.1022751   -0.1084653   -0.2300858   -1.2578172   -2.7147019   12.8544398    8.6651888
  -2.1986871    4.3955946   -0.2712092   -0.0977450   -0.7227285   -0.1259618   -0.0995688   -0.1065047   -0.2237068   -1.2394741   -2.6523989   12.9010708    8.6876039
  -2.2157120    4.3913829   -0.2696781   -0.0967723   -0.7162437   -0.1244461   -0.0985201   -0.1057577   -0.2212184   -1.2323276   -2.6278763   12.9191105    8.7019293
  -2.2591959    4.3806174   -0.2657132   -0.0942882   -0.6998097   -0.1205688   -0.0958759   -0.1039320   -0.2148569   -1.2138029   -2.5650839   12.9650278    8.7225687
  -2.2751923    4.3766574   -0.2642602   -0.0933669   -0.6937395   -0.1191305   -0.0949014   -0.1032702   -0.2124974   -1.2069869   -2.5418398   12.9817747    8.7358027
  -2.3007307    4.3703279   -0.2619253   -0.0919079   -0.6841608   -0.1168445   -0.0933678   -0.1022576   -0.2087524   -1.1959868   -2.5046048   13.0083857    8.7486453
  -2.3230209    4.3647995   -0.2598662   -0.0906157   -0.6757171   -0.1148223   -0.0920187   -0.1013795   -0.2054380   -1.1862978   -2.4720929   13.0315993    8.7611191
  -2.3452535    4.3592853   -0.2578225   -0.0893394   -0.6674031   -0.1128198   -0.0906930   -0.1005388   -0.2021592   -1.1766366   -2.4394214   13.0545093    8.7732446
  -2.3825834    4.3500393   -0.2543829   -0.0872015   -0.6535352   -0.1094589   -0.0884863   -0.0991805   -0.1966603   -1.1603265   -2.3844133   13.0928260    8.7908207
  -2.4116221    4.3430183   -0.2517023   -0.0855258   -0.6427626   -0.1068394   -0.0867779   -0.0981448   -0.1923652   -1.1477516   -2.3428350   13.1238444    8.8077131
  -2.4607506    4.3308124   -0.2470125   -0.0826176   -0.6243772   -0.1023105   -0.0838876   -0.0965022   -0.1849281   -1.1259212   -2.2697273   13.1735580    8.8305556
  -2.4952919    4.3222271   -0.2435192   -0.0804359   -0.6113213   -0.0990235   -0.0818880   -0.0954907   -0.1794593   -1.1106557   -2.2179778   13.2081617    8.8497231
  -2.5423150    4.3105398   -0.2381435   -0.0770594   -0.5929802   -0.0942673   -0.0792055   -0.0943798   -0.1713267   -1.0902199   -2.1472315   13.2549731    8.8714347
  -2.5782806    4.3016003   -0.2334763   -0.0741656   -0.5788115   -0.0904931   -0.0772377   -0.0937542   -0.1646587   -1.0752499   -2.0920694   13.2897250    8.8904879
  -2.6256241    4.2898253   -0.2261092   -0.0697597   -0.5595025   -0.0852644   -0.0747136   -0.0931100   -0.1550241   -1.0563579   -2.0183667   13.3343811    8.9113624
  -2.6675597    4.2794017   -0.2185007   -0.0655036   -0.5425226   -0.0806357   -0.0726073   -0.0926662   -0.1461393   -1.0405153   -1.9511835   13.3720369    8.9295575
  -2.7109150    4.2686238   -0.2097859   -0.0609955   -0.5255037   -0.0760320   -0.0705483   -0.0922320   -0.1370275   -1.0248810   -1.8793965   13.4086382    8.9470209
  -2.7536108    4.2580027   -0.2006249   -0.0566367   -0.5096585   -0.0717893   -0.0686555   -0.0918339   -0.1284260   -1.0101757   -1.8060239   13.4420051    8.9637860
  -2.7953694    4.2476153   -0.1916611   -0.0526612   -0.4953412   -0.0680104   -0.0669352   -0.0914327   -0.1206717   -0.9965997   -1.7314471   13.4718248    8.9800198
  -2.8371882    4.2372122   -0.1832415   -0.0490893   -0.4823936   -0.0646297   -0.0653556   -0.0910478   -0.1137190   -0.9840226   -1.6538338   13.4987585    8.9960704
  -2.8790403    4.2268013   -0.1756983   -0.0459296   -0.4707475   -0.0616195   -0.0639086   -0.0906650   -0.1075491   -0.9726415   -1.5734018   13.5229567    9.0119433
  -2.9208160    4.2164063   -0.1691190   -0.0431565   -0.4603305   -0.0589508   -0.0625921   -0.0902889   -0.1021072   -0.9624850   -1.4906041   13.5445983    9.0276957
  -2.9618854    4.2061840   -0.1632940   -0.0406275   -0.4505830   -0.0564776   -0.0613360   -0.0898915   -0.0971051   -0.9531549   -1.4081158   13.5647835    9.0433519
  -3.0031699    4.1959074   -0.1568806   -0.0377858   -0.4395988   -0.0537219   -0.0599215   -0.0893675   -0.0915077   -0.9431757   -1.3269689   13.5868478    9.0591517
  -3.0446772    4.1855751   -0.1492498   -0.0343437   -0.4261712   -0.0503920   -0.0581845   -0.0886397   -0.0847357   -0.9314670   -1.2495460   13.6131931    9.0750251
  -3.0856062    4.1753895   -0.1405337   -0.0303057   -0.4101550   -0.0464598   -0.0560888   -0.0876993   -0.0767655   -0.9179129   -1.1783152   13.6442848    9.0908418
  -3.1274893    4.1649640   -0.1306531   -0.0255930   -0.3911127   -0.0418270   -0.0535586   -0.0865347   -0.0674200   -0.9021673   -1.1103841   13.6810615    9.1067264
  -3.1704374    4.1542748   -0.1197535   -0.0202469   -0.3691561   -0.0365307   -0.0505911   -0.0851845   -0.0567776   -0.8844029   -1.0453778   13.7234255    9.1223076
  -3.2138721    4.1434585   -0.1080748   -0.0143702   -0.3446813   -0.0306826   -0.0472252   -0.0836873   -0.0450528   -0.8651330   -0.9838505   13.7704849    9.1372239
  -3.2568746    4.1327530   -0.0958805   -0.0080890   -0.3183183   -0.0244432   -0.0435305   -0.0821363   -0.0325323   -0.8452207   -0.9267536   13.8208942    9.1513588
  -3.2929064    4.1237822   -0.0852730   -0.0024965   -0.2942702   -0.0188679   -0.0401154   -0.0804717   -0.0213644   -0.8281735   -0.8817039   13.8659241    9.1647461
  -3.3296971    4.1146253   -0.0738778    0.0035977   -0.2685226   -0.0128774   -0.0363695   -0.0791245   -0.0092797   -0.8107106   -0.8381518   13.9143487    9.1792117
  -3.3679778    4.1050900   -0.0615090    0.0103572   -0.2396175   -0.0062598   -0.0320627   -0.0775355    0.0040974   -0.7929021   -0.7954484   13.9673471    9.1945299
  -3.4062901    4.0955470   -0.0487328    0.0174656   -0.2089226    0.0006977   -0.0273801   -0.0758982    0.0181633   -0.7753774   -0.7554498   14.0231292    9.2100219
  -3.4463947    4.0855604   -0.0348664    0.0253384   -0.1745708    0.0083880   -0.0219516   -0.0741633    0.0337264   -0.7580420   -0.7164825   14.0844234    9.2254954
  -3.4850996    4.0759190   -0.0211283    0.0332967   -0.1391546    0.0162058   -0.0161826   -0.0722695    0.0495025   -0.7422513   -0.6815280   14.1462312    9.2402853
  -3.5254682    4.0658630   -0.0065522    0.0418706   -0.1002917    0.0247017   -0.0096434   -0.0702268    0.0665723   -0.7266988   -0.6477332   14.2133579    9.2548833
  -3.5644376    4.0561538    0.0077470    0.0504034   -0.0608056    0.0332385   -0.0027164   -0.0682405    0.0836419   -0.7129703   -0.6175450   14.2805932    9.2687119
  -3.6049022    4.0460709    0.0227784    0.0594698   -0.0179145    0.0424248    0.0050298   -0.0659714    0.1018947   -0.6995570   -0.5882555   14.3524652    9.2822326
  -3.6440091    4.0363256    0.0373462    0.0683203    0.0248945    0.0515335    0.0129415   -0.0635997    0.1198538   -0.6869053   -0.5616346   14.4236115    9.2950413
  -3.6843544    4.0262702    0.0524278    0.0775409    0.0704938    0.0611629    0.0216428   -0.0610930    0.1387038   -0.6743178   -0.5358638   14.4987040    9.3075265
  -3.7243945    4.0162900    0.0674633    0.0867326    0.1168130    0.0708793    0.0307316   -0.0585440    0.1576119   -0.6619752   -0.5113187   14.5742591    9.3195264
  -3.7641233    4.0063868    0.0825336    0.0959112    0.1637722    0.0806726    0.0401273   -0.0558339    0.1765838   -0.6493696   -0.4876129   14.6498753    9.3311234
  -3.8040500    3.9964348    0.0978716    0.1051769    0.2114607    0.0906181    0.0497072   -0.0528851    0.1957950   -0.6356053   -0.4638439   14.7259230    9.3424529
  -3.8461415    3.9859397    0.1145524    0.1151458    0.2625105    0.1013048    0.0596979   -0.0490326    0.2164506   -0.6188833   -0.4384512   14.8057591    9.3535573
  -3.8871073    3.9757247    0.1302451    0.1245866    0.3126309    0.1116543    0.0702570   -0.0461416    0.2362409   -0.6029645   -0.4155747   14.8852971    9.3640750
  -3.9289313    3.9652969    0.1468724    0.1344364    0.3642708    0.1223800    0.0807623   -0.0423932    0.2568164   -0.5840166   -0.3914539   14.9657363    9.3743953
  -3.9715187    3.9546750    0.1639531    0.1445594    0.4177790    0.1334629    0.0917779   -0.0384846    0.2780223   -0.5630489   -0.3678772   15.0486281    9.3844022
  -4.0141477    3.9440401    0.1813808    0.1547797    0.4716786    0.1446264    0.1028503   -0.0343559    0.2994061   -0.5400259   -0.3440821   15.1314055    9.3940786
  -4.0588653    3.9328870    0.1999827    0.1656971    0.5292581    0.1565725    0.1146303   -0.0297757    0.3222695   -0.5135840   -0.3203659   15.2194833    9.4035090
  -4.0997418    3.9226918    0.2181173    0.1760308    0.5818453    0.1676212    0.1248376   -0.0248887    0.3436520   -0.4857788   -0.2973035   15.2986122    9.4124239
  -4.1435684    3.9117538    0.2364795    0.1868743    0.6401501    0.1796110    0.1371624   -0.0204849    0.3664853   -0.4568529   -0.2765423   15.3874174    9.4215666
  -4.1876908    3.9007493    0.2581958    0.1989381    0.6977870    0.1921264    0.1471200   -0.0139185    0.3910645   -0.4193448   -0.2517669   15.4729480    9.4305611
  -4.2328764    3.8894756    0.2805309    0.2116004    0.7581610    0.2054043    0.1576646   -0.0076154    0.4170048   -0.3793922   -0.2296794   15.5638246    9.4394289
  -4.2801592    3.8776364    0.3050140    0.2253215    0.8226310    0.2196475    0.1686224   -0.0005731    0.4449690   -0.3338856   -0.2076451   15.6599973    9.4481201
  -4.3246140    3.8665414    0.3293177    0.2388545    0.8839032    0.2335009    0.1783047    0.0065550    0.4723553   -0.2871462   -0.1884202   15.7519094    9.4564380
  -4.3708321    3.8550159    0.3549354    0.2531381    0.9498539    0.2481643    0.1890871    0.0141384    0.5013024   -0.2367432   -0.1716532   15.8506876    9.4649391
  -4.4166016    3.8436006    0.3820922    0.2682848    1.0159615    0.2634857    0.1987167    0.0221375    0.5317704   -0.1820753   -0.1570226   15.9504808    9.4733215
  -4.4596422    3.8328802    0.4078867    0.2827217    1.0806027    0.2781523    0.2085547    0.0298689    0.5608739   -0.1293741   -0.1468735   16.0479332    9.4816130
  -4.4983309    3.8232408    0.4313676    0.2961035    1.1408118    0.2918312    0.2179117    0.0367142    0.5879347   -0.0811935   -0.1411636   16.1389450    9.4897657
  -4.5315913    3.8149618    0.4521359    0.3079637    1.1937678    0.3039090    0.2259501    0.0428351    0.6118727   -0.0382353   -0.1382006   16.2191330    9.4976894
  -4.5606718    3.8077230    0.4702760    0.3184616    1.2414371    0.3146794    0.2334761    0.0480702    0.6331410   -0.0006576   -0.1376650   16.2912987    9.5052510
  -4.5859990    3.8014170    0.4856182    0.3275547    1.2843002    0.3241680    0.2408428    0.0522796    0.6517227    0.0309779   -0.1390551   16.3560067    9.5123213
  -4.6101975    3.7953961    0.5010337    0.3366014    1.3253532    0.3334636    0.2473614    0.0565998    0.6700650    0.0630022   -0.1408402   16.4182881    9.5190747
  -4.6328477    3.7897386    0.5156625    0.3451913    1.3644436    0.3422911    0.2535250    0.0607035    0.6874824    0.0935628   -0.1433628   16.4774362    9.5252742
  -4.6547167    3.7842880    0.5295924    0.3534833    1.4027802    0.3508827    0.2598068    0.0644541    0.7043660    0.1226009   -0.1468559   16.5356018    9.5310465
  -4.6767036    3.7788007    0.5438510    0.3619649    1.4416464    0.3596432    0.2660164    0.0682500    0.7216081    0.1524449   -0.1510544   16.5947675    9.5364966
  -4.6983460    3.7734106    0.5577139    0.3703047    1.4802247    0.3683126    0.2723250    0.0717420    0.7386173    0.1814208   -0.1560407   16.6538599    9.5415135
  -4.7197301    3.7680841    0.5719934    0.3787731    1.5178860    0.3770036    0.2779223    0.0751227    0.7557767    0.2115483   -0.1616668   16.7129462    9.5461938
  -4.7414049    3.7626801    0.5854801    0.3871406    1.5578131    0.3858671    0.2848286    0.0782115    0.7730077    0.2395489   -0.1684902   16.7739566    9.5505871
  -4.7628926    3.7573183    0.6003940    0.3959961    1.5955678    0.3948801    0.2898167    0.0814711    0.7908762    0.2711592   -0.1750660   16.8342517    9.5546840
  -4.7846748    3.7518863    0.6144701    0.4046865    1.6347147    0.4039937    0.2958464    0.0839233    0.8086802    0.3005814   -0.1833117   16.8969529    9.5584968
  -4.8065352    3.7464368    0.6294517    0.4137759    1.6727096    0.4133358    0.3006701    0.0862129    0.8271117    0.3321720   -0.1917762   16.9600684    9.5620451
  -4.8291193    3.7408060    0.6444381    0.4230488    1.7121293    0.4230870    0.3058526    0.0872925    0.8461358    0.3637521   -0.2035887   17.0283411    9.5653445
  -4.8507497    3.7354112    0.6587105    0.4318320    1.7458990    0.4321771    0.3091856    0.0874373    0.8640091    0.3938334   -0.2118341   17.0906625    9.5684344
  -4.8724489    3.7299948    0.6728736    0.4405913    1.7769897    0.4412302    0.3113614    0.0862943    0.8818215    0.4236386   -0.2196073   17.1526836    9.5713119
  -4.8940131    3.7246171    0.6875938    0.4496441    1.8058078    0.4505409    0.3119159    0.0837906    0.9001851    0.4548464   -0.2295878   17.2165746    9.5739899
  -4.9160715    3.7191145    0.7025207    0.4589235    1.8311817    0.4600906    0.3106018    0.0791354    0.9190141    0.4863123   -0.2400499   17.2821828    9.5764872
  -4.9377031    3.7137171    0.7170076    0.4679132    1.8504216    0.4692905    0.3066604    0.0724949    0.9372036    0.5169378   -0.2491843   17.3453962    9.5788107
  -4.9598722    3.7081859    0.7317835    0.4771634    1.8647133    0.4787709    0.2996206    0.0634444    0.9559343    0.5480900   -0.2592866   17.4109212    9.5809762
  -4.9817764    3.7027163    0.7461642    0.4861202    1.8709658    0.4878663    0.2886616    0.0522890    0.9739865    0.5785441   -0.2673370   17.4737321    9.5829943
  -5.0036819    3.6972454    0.7602610    0.4949169    1.8707025    0.4967529    0.2739267    0.0398983    0.9916698    0.6084087   -0.2740402   17.5351991    9.5850123
  -5.0255861    3.6917772    0.7739979    0.5035456    1.8621623    0.5054521    0.2544078    0.0257075    1.0089978    0.6374528   -0.2801464   17.5960658    9.5870405
  -5.0474901    3.6863071    0.7876219    0.5120664    1.8465797    0.5139565    0.2302380    0.0112294    1.0260228    0.6663774   -0.2853342   17.6560136    9.5890456
  -5.0670002    3.6808367    0.8006028    0.5202632    1.8275716    0.5221282    0.2035917   -0.0018456    1.0423914    0.6938294   -0.2890510   17.7085056    9.5910756
  -5.0912990    3.6753680    0.8134349    0.5283326    1.8005581    0.5300540    0.1721386   -0.0148618    1.0583866    0.7210443   -0.2919329   17.7721345    9.5931067
  -5.1132023    3.6699005    0.8253668    0.5358735    1.7671670    0.5373822    0.1380310   -0.0272832    1.0732557    0.7462886   -0.2920562   17.8270161    9.5951034
  -5.1351080    3.6644356    0.8377112    0.5435690    1.7292733    0.5446657    0.1022331   -0.0393829    1.0882347    0.7725780   -0.2923337   17.8820579    9.5971034
  -5.1570112    3.6589602    0.8490455    0.5506558    1.6839773    0.5512212    0.0649888   -0.0518293    1.1018769    0.7966644   -0.2893100   17.9337922    9.5991467
  -5.1789103    3.6534899    0.8599377    0.5574239    1.6342021    0.5572895    0.0286307   -0.0649706    1.1147133    0.8198866   -0.2845158   17.9837457    9.6011576
