2505.000000
2515.000000
2525.000000
2535.000000
2545.000000
2555.000000
2565.000000
2575.000000
2585.000000
2595.000000
2605.000000
2615.000000
2625.000000
2635.000000
2645.000000
2655.000000
2665.000000
2675.000000
2685.000000
2695.000000
2705.000000
2715.000000
2725.000000
2735.000000
2745.000000
2755.000000
2765.000000
2775.000000
2785.000000
2795.000000
2805.000000
2815.000000
2825.000000
2835.000000
2845.000000
2855.000000
2865.000000
2875.000000
2885.000000
2895.000000
2905.000000
2915.000000
2925.000000
2935.000000
2945.000000
2955.000000
2965.000000
2975.000000
2985.000000
2995.000000
3005.000000
3015.000000
3025.000000
3035.000000
3045.000000
3055.000000
3065.000000
3075.000000
3085.000000
3095.000000
3105.000000
3115.000000
3125.000000
3135.000000
3145.000000
3155.000000
3165.000000
3175.000000
3185.000000
3195.000000
3205.000000
3215.000000
3225.000000
3235.000000
3245.000000
3255.000000
3265.000000
3275.000000
3285.000000
3295.000000
3305.000000
3315.000000
3325.000000
3335.000000
3345.000000
3355.000000
3365.000000
3375.000000
3385.000000
3395.000000
3405.000000
3415.000000
3425.000000
3435.000000
3445.000000
3455.000000
3465.000000
3475.000000
3485.000000
3495.000000
3505.000000
3515.000000
3525.000000
3535.000000
3545.000000
3555.000000
3565.000000
3575.000000
3585.000000
3595.000000
3605.000000
3615.000000
3625.000000
3635.000000
3645.000000
3655.000000
3665.000000
3675.000000
3685.000000
3695.000000
3705.000000
3715.000000
3725.000000
3735.000000
3745.000000
3755.000000
3765.000000
3775.000000
3785.000000
3795.000000
3805.000000
3815.000000
3825.000000
3835.000000
3845.000000
3855.000000
3865.000000
3875.000000
3885.000000
3895.000000
3905.000000
3915.000000
3925.000000
3935.000000
3945.000000
3955.000000
3965.000000
3975.000000
3985.000000
3995.000000
4005.000000
4015.000000
4025.000000
4035.000000
4045.000000
4055.000000
4065.000000
4075.000000
4085.000000
4095.000000
4105.000000
4115.000000
4125.000000
4135.000000
4145.000000
4155.000000
4165.000000
4175.000000
4185.000000
4195.000000
4205.000000
4215.000000
4225.000000
4235.000000
4245.000000
4255.000000
4265.000000
4275.000000
4285.000000
4295.000000
4305.000000
4315.000000
4325.000000
4335.000000
4345.000000
4355.000000
4365.000000
4375.000000
4385.000000
4395.000000
4405.000000
4415.000000
4425.000000
4435.000000
4445.000000
4455.000000
4465.000000
4475.000000
4485.000000
4495.000000
4505.000000
4515.000000
4525.000000
4535.000000
4545.000000
4555.000000
4565.000000
4575.000000
4585.000000
4595.000000
4605.000000
4615.000000
4625.000000
4635.000000
4645.000000
4655.000000
4665.000000
4675.000000
4685.000000
4695.000000
4705.000000
4715.000000
4725.000000
4735.000000
4745.000000
4755.000000
4765.000000
4775.000000
4785.000000
4795.000000
4805.000000
4815.000000
4825.000000
4835.000000
4845.000000
4855.000000
4865.000000
4875.000000
4885.000000
4895.000000
4905.000000
4915.000000
4925.000000
4935.000000
4945.000000
4955.000000
4965.000000
4975.000000
4985.000000
4995.000000
5005.000000
5015.000000
5025.000000
5035.000000
5045.000000
5055.000000
5065.000000
5075.000000
5085.000000
5095.000000
5105.000000
5115.000000
5125.000000
5135.000000
5145.000000
5155.000000
5165.000000
5175.000000
5185.000000
5195.000000
5205.000000
5215.000000
5225.000000
5235.000000
5245.000000
5255.000000
5265.000000
5275.000000
5285.000000
5295.000000
5305.000000
5315.000000
5325.000000
5335.000000
5345.000000
5355.000000
5365.000000
5375.000000
5385.000000
5395.000000
5405.000000
5415.000000
5425.000000
5435.000000
5445.000000
5455.000000
5465.000000
5475.000000
5485.000000
5495.000000
5505.000000
5515.000000
5525.000000
5535.000000
5545.000000
5555.000000
5565.000000
5575.000000
5585.000000
5595.000000
5605.000000
5615.000000
5625.000000
5635.000000
5645.000000
5655.000000
5665.000000
5675.000000
5685.000000
5695.000000
5705.000000
5715.000000
5725.000000
5735.000000
5745.000000
5755.000000
5765.000000
5775.000000
5785.000000
5795.000000
5805.000000
5815.000000
5825.000000
5835.000000
5845.000000
5855.000000
5865.000000
5875.000000
5885.000000
5895.000000
5905.000000
5915.000000
5925.000000
5935.000000
5945.000000
5955.000000
5965.000000
5975.000000
5985.000000
5995.000000
6005.000000
6015.000000
6025.000000
6035.000000
6045.000000
6055.000000
6065.000000
6075.000000
6085.000000
6095.000000
6105.000000
6115.000000
6125.000000
6135.000000
6145.000000
6155.000000
6165.000000
6175.000000
6185.000000
6195.000000
6205.000000
6215.000000
6225.000000
6235.000000
6245.000000
6255.000000
6265.000000
6275.000000
6285.000000
6295.000000
6305.000000
6315.000000
6325.000000
6335.000000
6345.000000
6355.000000
6365.000000
6375.000000
6385.000000
6395.000000
6405.000000
6415.000000
6425.000000
6435.000000
6445.000000
6455.000000
6465.000000
6475.000000
6485.000000
6495.000000
6505.000000
6515.000000
6525.000000
6535.000000
6545.000000
6555.000000
6565.000000
6575.000000
6585.000000
6595.000000
6605.000000
6615.000000
6625.000000
6635.000000
6645.000000
6655.000000
6665.000000
6675.000000
6685.000000
6695.000000
6705.000000
6715.000000
6725.000000
6735.000000
6745.000000
6755.000000
6765.000000
6775.000000
6785.000000
6795.000000
6805.000000
6815.000000
6825.000000
6835.000000
6845.000000
6855.000000
6865.000000
6875.000000
6885.000000
6895.000000
6905.000000
6915.000000
6925.000000
6935.000000
6945.000000
6955.000000
6965.000000
6975.000000
6985.000000
6995.000000
7005.000000
7015.000000
7025.000000
7035.000000
7045.000000
7055.000000
7065.000000
7075.000000
7085.000000
7095.000000
7105.000000
7115.000000
7125.000000
7135.000000
7145.000000
7155.000000
7165.000000
7175.000000
7185.000000
7195.000000
7205.000000
7215.000000
7225.000000
7235.000000
7245.000000
7255.000000
7265.000000
7275.000000
7285.000000
7295.000000
7305.000000
7315.000000
7325.000000
7335.000000
7345.000000
7355.000000
7365.000000
7375.000000
7385.000000
7395.000000
7405.000000
7415.000000
7425.000000
7435.000000
7445.000000
7455.000000
7465.000000
7475.000000
7485.000000
7495.000000
7505.000000
7515.000000
7525.000000
7535.000000
7545.000000
7555.000000
7565.000000
7575.000000
7585.000000
7595.000000
7605.000000
7615.000000
7625.000000
7635.000000
7645.000000
7655.000000
7665.000000
7675.000000
7685.000000
7695.000000
7705.000000
7715.000000
7725.000000
7735.000000
7745.000000
7755.000000
7765.000000
7775.000000
7785.000000
7795.000000
7805.000000
7815.000000
7825.000000
7835.000000
7845.000000
7855.000000
7865.000000
7875.000000
7885.000000
7895.000000
7905.000000
7915.000000
7925.000000
7935.000000
7945.000000
7955.000000
7965.000000
7975.000000
7985.000000
7995.000000
8005.000000
8015.000000
8025.000000
8035.000000
8045.000000
8055.000000
8065.000000
8075.000000
8085.000000
8095.000000
8105.000000
8115.000000
8125.000000
8135.000000
8145.000000
8155.000000
8165.000000
8175.000000
8185.000000
8195.000000
8205.000000
8215.000000
8225.000000
8235.000000
8245.000000
8255.000000
8265.000000
8275.000000
8285.000000
8295.000000
8305.000000
8315.000000
8325.000000
8335.000000
8345.000000
8355.000000
8365.000000
8375.000000
8385.000000
8395.000000
8405.000000
8415.000000
8425.000000
8435.000000
8445.000000
8455.000000
8465.000000
8475.000000
8485.000000
8495.000000
8505.000000
8515.000000
8525.000000
8535.000000
8545.000000
8555.000000
8565.000000
8575.000000
8585.000000
8595.000000
8605.000000
8615.000000
8625.000000
8635.000000
8645.000000
8655.000000
8665.000000
8675.000000
8685.000000
8695.000000
8705.000000
8715.000000
8725.000000
8735.000000
8745.000000
8755.000000
8765.000000
8775.000000
8785.000000
8795.000000
8805.000000
8815.000000
8825.000000
8835.000000
8845.000000
8855.000000
8865.000000
8875.000000
8885.000000
8895.000000
8905.000000
8915.000000
8925.000000
8935.000000
8945.000000
8955.000000
8965.000000
8975.000000
8985.000000
8995.000000
9005.000000
9015.000000
9025.000000
9035.000000
9045.000000
9055.000000
9065.000000
9075.000000
9085.000000
9095.000000
9105.000000
9115.000000
9125.000000
9135.000000
9145.000000
9155.000000
9165.000000
9175.000000
9185.000000
9195.000000
9205.000000
9215.000000
9225.000000
9235.000000
9245.000000
9255.000000
9265.000000
9275.000000
9285.000000
9295.000000
9305.000000
9315.000000
9325.000000
9335.000000
9345.000000
9355.000000
9365.000000
9375.000000
9385.000000
9395.000000
9405.000000
9415.000000
9425.000000
9435.000000
9445.000000
9455.000000
9465.000000
9475.000000
9485.000000
9495.000000
9505.000000
9515.000000
9525.000000
9535.000000
9545.000000
9555.000000
9565.000000
9575.000000
9585.000000
9595.000000
9605.000000
9615.000000
9625.000000
9635.000000
9645.000000
9655.000000
9665.000000
9675.000000
9685.000000
9695.000000
9705.000000
9715.000000
9725.000000
9735.000000
9745.000000
9755.000000
9765.000000
9775.000000
9785.000000
9795.000000
9805.000000
9815.000000
9825.000000
9835.000000
9845.000000
9855.000000
9865.000000
9875.000000
9885.000000
9895.000000
9905.000000
9915.000000
9925.000000
9935.000000
9945.000000
9955.000000
9965.000000
9975.000000
9985.000000
9995.000000
10005.000000
10015.000000
10025.000000
10035.000000
10045.000000
10055.000000
10065.000000
10075.000000
10085.000000
10095.000000
10105.000000
10115.000000
10125.000000
10135.000000
10145.000000
10155.000000
10165.000000
10175.000000
10185.000000
10195.000000
10205.000000
10215.000000
10225.000000
10235.000000
10245.000000
10255.000000
10265.000000
10275.000000
10285.000000
10295.000000
10305.000000
10315.000000
10325.000000
10335.000000
10345.000000
10355.000000
10365.000000
10375.000000
10385.000000
10395.000000
10405.000000
10415.000000
10425.000000
10435.000000
10445.000000
10455.000000
10465.000000
10475.000000
10485.000000
10495.000000
