#   log L/Lo    log Teff       B_V          V_R          V_K          R_I          J_H          H_K          V_I          U_V          BC(V)        dmag_v     log age(yr)
   0.6710266    4.9991715   -0.3477247   -0.1467844   -1.0464704   -0.2062024   -0.1509628   -0.1323687   -0.3529868   -1.6668141   -6.8353705    9.9097582    5.2415741
   0.6060993    4.9836974   -0.3468592   -0.1462779   -1.0434918   -0.2055124   -0.1505038   -0.1320238   -0.3517903   -1.6636624   -6.7132098    9.9499157    5.2856170
   0.5409444    4.9681305   -0.3460439   -0.1457978   -1.0406199   -0.2048461   -0.1500594   -0.1316930   -0.3506439   -1.6605098   -6.5898944    9.9894876    5.3290949
   0.4755858    4.9524732   -0.3452171   -0.1453130   -1.0377295   -0.2041707   -0.1496151   -0.1313669   -0.3494837   -1.6572591   -6.4656976   10.0286873    5.3721724
   0.4100349    4.9367544   -0.3443945   -0.1448300   -1.0348406   -0.2034917   -0.1491724   -0.1310469   -0.3483217   -1.6539320   -6.3408337   10.0677006    5.4150079
   0.3445518    4.9210189   -0.3435523   -0.1443398   -1.0319344   -0.2028022   -0.1487314   -0.1307340   -0.3471419   -1.6504968   -6.2157447   10.1063193    5.4577790
   0.2797429    4.9054336   -0.3427205   -0.1438557   -1.0290619   -0.2021158   -0.1482975   -0.1304322   -0.3459715   -1.6470154   -6.0917465   10.1443434    5.5005843
   0.2161297    4.8901034   -0.3418902   -0.1433755   -1.0262285   -0.2014323   -0.1478731   -0.1301438   -0.3448079   -1.6434895   -5.9697429   10.1813728    5.5435365
   0.1540634    4.8751265   -0.3410707   -0.1429037   -1.0234558   -0.2007573   -0.1474612   -0.1298709   -0.3436610   -1.6399472   -5.8505359   10.2173315    5.5867325
   0.0923889    4.8602289   -0.3402455   -0.1424308   -1.0206901   -0.2000774   -0.1470536   -0.1296085   -0.3425082   -1.6363191   -5.7319936   10.2529755    5.6303217
   0.0320912    4.8456509   -0.3394268   -0.1419638   -1.0179738   -0.1994026   -0.1466570   -0.1293614   -0.3413665   -1.6326588   -5.6160694   10.2877956    5.6744866
  -0.0264983    4.8314721   -0.3386183   -0.1415049   -1.0153202   -0.1987361   -0.1462733   -0.1291309   -0.3402410   -1.6289859   -5.5034242   10.3216241    5.7194206
  -0.0833811    4.8176931   -0.3378205   -0.1410534   -1.0127222   -0.1980766   -0.1459011   -0.1289161   -0.3391300   -1.6252997   -5.3941176   10.3545245    5.7653492
  -0.1386796    4.8042836   -0.3370274   -0.1406075   -1.0101783   -0.1974226   -0.1455411   -0.1287180   -0.3380300   -1.6215888   -5.2879260   10.3865791    5.8125327
  -0.1861653    4.7927572   -0.3363321   -0.1402183   -1.0079749   -0.1968493   -0.1452329   -0.1285568   -0.3370676   -1.6182932   -5.1968361   10.4142035    5.8550885
  -0.2273217    4.7827656   -0.3357190   -0.1398754   -1.0060414   -0.1963417   -0.1449646   -0.1284226   -0.3362171   -1.6153499   -5.1180621   10.4383205    5.8938440
  -0.2779509    4.7704700   -0.3349473   -0.1394466   -1.0036480   -0.1957049   -0.1446372   -0.1282692   -0.3351515   -1.6116095   -5.0213575   10.4681889    5.9461755
  -0.3201656    4.7602166   -0.3342908   -0.1390826   -1.0016304   -0.1951617   -0.1443644   -0.1281499   -0.3342444   -1.6083878   -4.9409243   10.4932925    5.9928738
  -0.3679444    4.7486030   -0.3335309   -0.1386626   -0.9993207   -0.1945320   -0.1440562   -0.1280257   -0.3331946   -1.6046181   -4.8500699   10.5218850    6.0519797
  -0.4139221    4.7374270   -0.3327820   -0.1382492   -0.9970659   -0.1939093   -0.1437594   -0.1279175   -0.3321584   -1.6008583   -4.7629342   10.5496936    6.1160681
  -0.4579654    4.7267248   -0.3320460   -0.1378433   -0.9948696   -0.1932949   -0.1434742   -0.1278250   -0.3311382   -1.5971223   -4.6798215   10.5766892    6.1863362
  -0.5000740    4.7164977   -0.3313232   -0.1374450   -0.9927302   -0.1926888   -0.1432001   -0.1277475   -0.3301338   -1.5934140   -4.6007562   10.6028954    6.2642134
  -0.5405769    4.7066604   -0.3306077   -0.1370506   -0.9906273   -0.1920858   -0.1429342   -0.1276838   -0.3291364   -1.5897052   -4.5250923   10.6284887    6.3515490
  -0.5797320    4.6971592   -0.3298959   -0.1366580   -0.9885480   -0.1914825   -0.1426745   -0.1276334   -0.3281405   -1.5859779   -4.4524219   10.6537060    6.4503469
  -0.6147986    4.6886504   -0.3292399   -0.1362956   -0.9866402   -0.1909227   -0.1424390   -0.1275983   -0.3272183   -1.5825078   -4.3877193   10.6766699    6.5501704
  -0.6459687    4.6810981   -0.3286413   -0.1359643   -0.9849046   -0.1904086   -0.1422269   -0.1275756   -0.3263729   -1.5793125   -4.3306292   10.6975051    6.6454447
  -0.6751659    4.6740218   -0.3280658   -0.1356450   -0.9832386   -0.1899108   -0.1420249   -0.1275621   -0.3255558   -1.5762132   -4.2774484   10.7173173    6.7369668
  -0.7038336    4.6670717   -0.3274857   -0.1353222   -0.9815605   -0.1894052   -0.1418230   -0.1275568   -0.3247274   -1.5730618   -4.2255362   10.7370743    6.8254798
  -0.7329855    4.6600000   -0.3268793   -0.1349837   -0.9798044   -0.1888721   -0.1416130   -0.1275595   -0.3238558   -1.5697364   -4.1730752   10.7574931    6.9115222
  -0.7633101    4.6526365   -0.3262296   -0.1346193   -0.9779184   -0.1882953   -0.1413887   -0.1275720   -0.3229147   -1.5661367   -4.1188646   10.7790939    6.9953853
  -0.7952439    4.6448739   -0.3255232   -0.1342210   -0.9758582   -0.1876607   -0.1411445   -0.1275964   -0.3218816   -1.5621766   -4.0622197   10.8022836    7.0771078
  -0.8290426    4.6366531   -0.3247493   -0.1337816   -0.9735846   -0.1869555   -0.1408754   -0.1276354   -0.3207371   -1.5577796   -4.0028528   10.8274134    7.1565346
  -0.8647677    4.6279490   -0.3238991   -0.1332947   -0.9710586   -0.1861675   -0.1405761   -0.1276923   -0.3194622   -1.5528721   -3.9407686   10.8546419    7.2333939
  -0.9023984    4.6187735   -0.3229664   -0.1327547   -0.9682416   -0.1852846   -0.1402403   -0.1277704   -0.3180393   -1.5473850   -3.8762842   10.8842344    7.3073895
  -0.9418324    4.6091487   -0.3219450   -0.1321553   -0.9650857   -0.1842931   -0.1398597   -0.1278727   -0.3164484   -1.5412383   -3.8098380   10.9163731    7.3782922
  -0.9829501    4.5991019   -0.3208755   -0.1315152   -0.9616250   -0.1832170   -0.1394281   -0.1279789   -0.3147322   -1.5345988   -3.7407487   10.9500781    7.4459578
  -1.0255061    4.5886943   -0.3196568   -0.1307730   -0.9575718   -0.1819515   -0.1389160   -0.1281298   -0.3127245   -1.5268095   -3.6724374   10.9881568    7.5103573
  -1.0692649    4.5779872   -0.3183426   -0.1299518   -0.9529538   -0.1805229   -0.1383115   -0.1283024   -0.3104747   -1.5180511   -3.6043530   11.0294694    7.5715691
  -1.1139287    4.5670435   -0.3169356   -0.1290446   -0.9476425   -0.1789065   -0.1375840   -0.1284826   -0.3079510   -1.5081845   -3.5373960   11.0741719    7.6297555
  -1.1592498    4.5559389   -0.3154430   -0.1280452   -0.9414812   -0.1770766   -0.1366944   -0.1286444   -0.3051218   -1.4970650   -3.4725358   11.1226144    7.6851454
  -1.2050756    4.5446959   -0.3138656   -0.1269420   -0.9342363   -0.1749958   -0.1355869   -0.1287425   -0.3019377   -1.4844853   -3.4103638   11.1750069    7.7379812
  -1.2509371    4.5334475   -0.3122126   -0.1257314   -0.9257042   -0.1726466   -0.1342070   -0.1287040   -0.2983780   -1.4703900   -3.3518689   11.2311658    7.7885036
  -1.2969305    4.5221531   -0.3104450   -0.1243829   -0.9155249   -0.1699785   -0.1324779   -0.1284254   -0.2943614   -1.4545998   -3.2967154   11.2909957    7.8369310
  -1.3432714    4.5107680   -0.3084394   -0.1228284   -0.9032446   -0.1669283   -0.1303209   -0.1277534   -0.2897567   -1.4370972   -3.2438627   11.3539953    7.8834648
  -1.3899584    4.4992948   -0.3061221   -0.1210360   -0.8887804   -0.1634892   -0.1277341   -0.1266298   -0.2845252   -1.4180697   -3.1922652   11.4191153    7.9283135
  -1.4369216    4.4877391   -0.3033298   -0.1189413   -0.8721173   -0.1596666   -0.1247530   -0.1249837   -0.2786080   -1.3980204   -3.1401367   11.4843949    7.9716740
  -1.4841212    4.4761215   -0.3000155   -0.1165531   -0.8537474   -0.1555433   -0.1215033   -0.1228917   -0.2720964   -1.3775238   -3.0860733   11.5483304    8.0137281
  -1.5314623    4.4644660   -0.2962580   -0.1139456   -0.8344088   -0.1512441   -0.1181365   -0.1205101   -0.2651897   -1.3570157   -3.0293808   11.6099907    8.0546360
  -1.5788556    4.4527901   -0.2922055   -0.1112367   -0.8150154   -0.1469294   -0.1148214   -0.1180419   -0.2581661   -1.3369003   -2.9694036   11.6684968    8.0945334
  -1.6262835    4.4410990   -0.2880038   -0.1084686   -0.7955076   -0.1425790   -0.1115256   -0.1155166   -0.2510476   -1.3167952   -2.9076700   11.7253329    8.1335393
  -1.6737754    4.4293872   -0.2837297   -0.1056958   -0.7762821   -0.1382585   -0.1083177   -0.1130415   -0.2439543   -1.2968218   -2.8439138   11.7803065    8.1717524
  -1.7213434    4.4176533   -0.2794336   -0.1029386   -0.7574037   -0.1339725   -0.1052011   -0.1106593   -0.2369111   -1.2768916   -2.7784874   11.8338000    8.2092587
  -1.7690252    4.4058849   -0.2751348   -0.1002003   -0.7388432   -0.1297097   -0.1021642   -0.1083889   -0.2299100   -1.2568964   -2.7116355   11.8861527    8.2461344
  -1.8167979    4.3940863   -0.2708421   -0.0974800   -0.7205589   -0.1254593   -0.0991942   -0.1062380   -0.2229393   -1.2367652   -2.6436417   11.9375906    8.2824498
  -1.8646704    4.3822603   -0.2665544   -0.0947730   -0.7024900   -0.1212085   -0.0962758   -0.1042043   -0.2159815   -1.2164386   -2.5747272   11.9883573    8.3182712
  -1.9126447    4.3704063   -0.2622634   -0.0920712   -0.6845641   -0.1169435   -0.0933934   -0.1022785   -0.2090148   -1.1958652   -2.5050497   12.0386156    8.3536567
  -1.9607252    4.3585234   -0.2579572   -0.0893655   -0.6667075   -0.1126511   -0.0905319   -0.1004484   -0.2020165   -1.1750071   -2.4347287   12.0884959    8.3886576
  -2.0090876    4.3465441   -0.2536010   -0.0866333   -0.6487595   -0.1082964   -0.0876632   -0.0986921   -0.1949298   -1.1537127   -2.3634645   12.1381376    8.4233201
  -2.0503670    4.3362949   -0.2498126   -0.0842530   -0.6332223   -0.1045022   -0.0851863   -0.0972238   -0.1887552   -1.1351941   -2.3025051   12.1803767    8.4574098
  -2.0785486    4.3291613   -0.2471139   -0.0825509   -0.6221866   -0.1017983   -0.0834314   -0.0961993   -0.1843492   -1.1220953   -2.2602505   12.2085762    8.4787350
  -2.0977754    4.3244312   -0.2453547   -0.0814499   -0.6150565   -0.1000400   -0.0822984   -0.0955629   -0.1814900   -1.1134762   -2.2318540   12.2282466    8.4990619
  -2.1128256    4.3205592   -0.2438757   -0.0805209   -0.6090652   -0.0985633   -0.0813475   -0.0950265   -0.1790842   -1.1063002   -2.2088260   12.2428441    8.5121031
  -2.1236952    4.3178965   -0.2428800   -0.0798992   -0.6050636   -0.0975717   -0.0807131   -0.0946802   -0.1774709   -1.1014384   -2.1927510   12.2539431    8.5247641
  -2.1327473    4.3155440   -0.2419739   -0.0793310   -0.6014144   -0.0966693   -0.0801349   -0.0943604   -0.1760003   -1.0970538   -2.1787405   12.2625629    8.5330043
  -2.1399014    4.3138014   -0.2413303   -0.0789300   -0.5988404   -0.0960291   -0.0797271   -0.0941436   -0.1749592   -1.0939046   -2.1681010   12.2698087    8.5410910
  -2.1455293    4.3123412   -0.2407523   -0.0785666   -0.5965245   -0.0954558   -0.0793612   -0.0939420   -0.1740225   -1.0911464   -2.1594751   12.2752525    8.5463997
  -2.1503738    4.3111678   -0.2402754   -0.0782662   -0.5946296   -0.0949864   -0.0790632   -0.0937775   -0.1732526   -1.0889130   -2.1525891   12.2804777    8.5516442
  -2.1558606    4.3097680   -0.2397527   -0.0779411   -0.5925439   -0.0944664   -0.0787327   -0.0936051   -0.1724075   -1.0863493   -2.1440815   12.2856871    8.5568262
  -2.1609186    4.3085297   -0.2392620   -0.0776333   -0.5905943   -0.0939818   -0.0784254   -0.0934404   -0.1716151   -1.0840183   -2.1367235   12.2909742    8.5619471
  -2.1644072    4.3076482   -0.2389336   -0.0774278   -0.5892942   -0.0936571   -0.0782205   -0.0933342   -0.1710849   -1.0824444   -2.1312874   12.2942596    8.5653278
  -2.1698108    4.3062988   -0.2384043   -0.0770984   -0.5872012   -0.0931343   -0.0778901   -0.0931638   -0.1702327   -1.0798891   -2.1232565   12.2997377    8.5703500
  -2.1780682    4.3042460   -0.2375936   -0.0765921   -0.5840069   -0.0923358   -0.0773872   -0.0929051   -0.1689280   -1.0760246   -2.1109994   12.3081241    8.5777761
  -2.1909853    4.3010303   -0.2363875   -0.0758462   -0.5792921   -0.0911477   -0.0766444   -0.0925470   -0.1669940   -1.0701577   -2.0912687   12.3206861    8.5886824
  -2.2101636    4.2962765   -0.2344593   -0.0746360   -0.5718348   -0.0892701   -0.0754803   -0.0919790   -0.1639061   -1.0612562   -2.0627575   12.3401207    8.6045448
  -2.2272376    4.2920457   -0.2326711   -0.0735051   -0.5650653   -0.0875559   -0.0744351   -0.0914884   -0.1610611   -1.0533791   -2.0373767   12.3574248    8.6198483
  -2.2550641    4.2851516   -0.2296649   -0.0716005   -0.5540079   -0.0847288   -0.0727482   -0.0907580   -0.1563293   -1.0406801   -1.9957657   12.3853801    8.6418376
  -2.2778507    4.2795103   -0.2269806   -0.0698873   -0.5446128   -0.0823032   -0.0713499   -0.0901949   -0.1521905   -1.0304279   -1.9617576   12.4083385    8.6627669
  -2.3016506    4.2736170   -0.2240233   -0.0680075   -0.5347580   -0.0797338   -0.0699132   -0.0896667   -0.1477413   -1.0199484   -1.9258937   12.4319743    8.6827338
  -2.3327573    4.2659195   -0.2198581   -0.0653916   -0.5217975   -0.0763211   -0.0680753   -0.0890562   -0.1417128   -1.0066098   -1.8785582   12.4624056    8.7018230
  -2.3644157    4.2580944   -0.2150175   -0.0624169   -0.5081871   -0.0727060   -0.0662268   -0.0884943   -0.1351229   -0.9934572   -1.8301366   12.4931300    8.7274738
  -2.3943276    4.2506924   -0.2098334   -0.0593480   -0.4951225   -0.0692193   -0.0645247   -0.0880099   -0.1285673   -0.9814249   -1.7837525   12.5215257    8.7516937
  -2.4226739    4.2436792   -0.2043880   -0.0562812   -0.4828282   -0.0659331   -0.0629765   -0.0876002   -0.1222143   -0.9703532   -1.7390281   12.5476670    8.7746339
  -2.4501662    4.2368983   -0.1986468   -0.0532266   -0.4711729   -0.0628230   -0.0615473   -0.0872469   -0.1160496   -0.9599146   -1.6949012   12.5722709    8.7964229
  -2.4728751    4.2316541   -0.1937641   -0.0507880   -0.4623495   -0.0604764   -0.0604995   -0.0870003   -0.1112644   -0.9520888   -1.6599805   12.5941224    8.8103644
  -2.4892875    4.2275837   -0.1900720   -0.0490069   -0.4558344   -0.0587576   -0.0597113   -0.0868115   -0.1077645   -0.9460574   -1.6323920   12.6075649    8.8238722
  -2.5075468    4.2230512   -0.1856342   -0.0469708   -0.4486481   -0.0568694   -0.0588609   -0.0866101   -0.1038402   -0.9394474   -1.6012295   12.6220507    8.8369725
  -2.5249522    4.2187308   -0.1814941   -0.0451370   -0.4421556   -0.0551731   -0.0580841   -0.0864308   -0.1003101   -0.9332784   -1.5709152   12.6352498    8.8496892
  -2.5539882    4.2115251   -0.1747023   -0.0422385   -0.4319108   -0.0525127   -0.0568508   -0.0861490   -0.0947512   -0.9233448   -1.5191570   12.6560816    8.8680922
  -2.5777716    4.2056233   -0.1694063   -0.0400506   -0.4241300   -0.0505043   -0.0559019   -0.0859383   -0.0905549   -0.9155837   -1.4756302   12.6720133    8.8857470
  -2.6193592    4.1953021   -0.1607471   -0.0365800   -0.4118138   -0.0473450   -0.0543921   -0.0856057   -0.0839250   -0.9031469   -1.3967924   12.6971445    8.9109524
  -2.6523815    4.1871010   -0.1546647   -0.0341082   -0.4028409   -0.0450613   -0.0532689   -0.0853409   -0.0791695   -0.8941557   -1.3325276   12.7154355    8.9347748
  -2.7101116    4.1727698   -0.1453710   -0.0302418   -0.3885347   -0.0414528   -0.0514458   -0.0848770   -0.0716946   -0.8801204   -1.2173727   12.7446059    8.9682241
  -2.7496487    4.1629505   -0.1385051   -0.0272713   -0.3774379   -0.0386904   -0.0500259   -0.0844278   -0.0659617   -0.8699943   -1.1403549   12.7664308    8.9963991
  -2.7937204    4.1520006   -0.1290201   -0.0230511   -0.3614958   -0.0347715   -0.0479740   -0.0836655   -0.0578226   -0.8562811   -1.0605423   12.7967975    9.0228570
  -2.8346349    4.1418374   -0.1185958   -0.0182269   -0.3428781   -0.0302490   -0.0455370   -0.0826814   -0.0484759   -0.8410478   -0.9931538   12.8316952    9.0477952
  -2.8742599    4.1319947   -0.1075117   -0.0128992   -0.3218496   -0.0251973   -0.0427246   -0.0815159   -0.0380965   -0.8245288   -0.9331964   12.8708003    9.0713788
  -2.9131854    4.1223267   -0.0959321   -0.0071461   -0.2986873   -0.0196952   -0.0395572   -0.0802034   -0.0268413   -0.8070485   -0.8787089   12.9136265    9.0937474
  -2.9512314    4.1128779   -0.0840387   -0.0010649   -0.2738627   -0.0138635   -0.0360826   -0.0788138   -0.0149284   -0.7892251   -0.8291236   12.9591563    9.1150202
  -3.0194931    4.0959100   -0.0613849    0.0109309   -0.2240492   -0.0023636   -0.0288661   -0.0760629    0.0085674   -0.7565555   -0.7482421   13.0489290    9.1433504
  -3.0490787    4.0885587   -0.0510729    0.0165507   -0.2003622    0.0030153   -0.0253180   -0.0747663    0.0195660   -0.7425441   -0.7162556   13.0909065    9.1647806
  -3.0907387    4.0782057   -0.0360414    0.0249060   -0.1647591    0.0110002   -0.0198249   -0.0728558    0.0359061   -0.7234535   -0.6742155   13.1530164    9.1852028
  -3.1275714    4.0690508   -0.0223567    0.0326688   -0.1311342    0.0184421   -0.0144622   -0.0710567    0.0511110   -0.7073162   -0.6399136   13.2107962    9.2047077
  -3.1639742    4.0600036   -0.0085284    0.0406510   -0.0959628    0.0261346   -0.0086667   -0.0691718    0.0667856   -0.6922850   -0.6085011   13.2703907    9.2233742
  -3.1995351    4.0511684    0.0052181    0.0487092   -0.0597805    0.0339618   -0.0024951   -0.0672468    0.0826710   -0.6785790   -0.5801807   13.3309726    9.2412712
  -3.2363621    4.0420134    0.0196025    0.0572530   -0.0205898    0.0423598    0.0044034   -0.0651354    0.0996127   -0.6652544   -0.5530232   13.3958826    9.2584599
  -3.2739378    4.0326752    0.0343838    0.0661256    0.0210234    0.0511937    0.0119858   -0.0628997    0.1173193   -0.6526440   -0.5273602   13.4641588    9.2749941
  -3.3106452    4.0235548    0.0488534    0.0748858    0.0630401    0.0600522    0.0198509   -0.0605857    0.1349380   -0.6408511   -0.5040353   13.5326024    9.2909218
  -3.3621022    4.0107609    0.0691906    0.0872736    0.1239937    0.0727980    0.0316542   -0.0571977    0.1600716   -0.6250370   -0.4737111   13.6309207    9.3129138
  -3.4104627    3.9987405    0.0883137    0.0989506    0.1828891    0.0850388    0.0433783   -0.0538083    0.1839894   -0.6100423   -0.4470383   13.7251492    9.3341164
  -3.4598071    3.9864722    0.1079026    0.1108866    0.2443156    0.0977410    0.0558887   -0.0501507    0.2086276   -0.5940031   -0.4210847   13.8225566    9.3555730
  -3.5081797    3.9744419    0.1272122    0.1226110    0.3056363    0.1103696    0.0685957   -0.0463404    0.2329806   -0.5769503   -0.3965034   13.9189068    9.3767273
  -3.5561484    3.9625104    0.1465644    0.1342842    0.3672142    0.1230386    0.0814473   -0.0422971    0.2573229   -0.5580577   -0.3725254   14.0148505    9.3978307
  -3.6036354    3.9506981    0.1660057    0.1459311    0.4289859    0.1357373    0.0943915   -0.0380138    0.2816684   -0.5370713   -0.3492442   14.1102869    9.4189203
  -3.6526848    3.9384963    0.1864813    0.1580691    0.4933153    0.1489716    0.1078447   -0.0332845    0.3070408   -0.5126872   -0.3251403   14.2088064    9.4401015
  -3.7020763    3.9262081    0.2076181    0.1705171    0.5590240    0.1625248    0.1214690   -0.0281250    0.3330418   -0.4849279   -0.3014810   14.3086259    9.4607313
  -3.7531124    3.9135076    0.2302665    0.1836781    0.6273652    0.1767407    0.1353136   -0.0223457    0.3604187   -0.4523579   -0.2769356   14.4116707    9.4807625
  -3.8022399    3.9012820    0.2531256    0.1968474    0.6940038    0.1908127    0.1482533   -0.0161578    0.3876600   -0.4166242   -0.2540316   14.5115855    9.4999017
  -3.8469640    3.8901499    0.2742307    0.2089708    0.7561029    0.2037884    0.1605614   -0.0104286    0.4127593   -0.3819261   -0.2348266   14.6041908    9.5188736
  -3.8956834    3.8780252    0.2987945    0.2229357    0.8239798    0.2184523    0.1729295   -0.0034815    0.4413880   -0.3389205   -0.2142741   14.7054367    9.5390605
  -3.9446696    3.8658330    0.3250991    0.2375056    0.8925625    0.2334350    0.1846336    0.0043465    0.4709405   -0.2904074   -0.1934450   14.8070732    9.5591445
  -3.9944219    3.8534485    0.3529053    0.2532222    0.9642081    0.2495931    0.1963092    0.0122920    0.5028153   -0.2374178   -0.1764549   14.9144638    9.5791374
  -4.0440253    3.8411025    0.3818772    0.2694529    1.0373818    0.2661285    0.2078892    0.0207728    0.5355814   -0.1804579   -0.1618920   15.0239094    9.5982503
  -4.0983539    3.8275870    0.4159069    0.2883744    1.1191214    0.2850903    0.2195490    0.0309835    0.5734647   -0.1116322   -0.1488927   15.1467316    9.6176620
  -4.1489440    3.8149991    0.4477299    0.3063882    1.1990635    0.3033448    0.2316909    0.0403526    0.6097329   -0.0464425   -0.1425061   15.2668202    9.6357771
  -4.1728580    3.8090487    0.4630974    0.3150651    1.2379009    0.3121159    0.2375703    0.0450402    0.6271809   -0.0145633   -0.1409820   15.3250811    9.6449028
  -4.2114529    3.7994524    0.4886956    0.3296960    1.3016837    0.3268584    0.2468375    0.0526140    0.6565544    0.0386164   -0.1407452   15.4213316    9.6582416
  -4.2551326    3.7885940    0.5170727    0.3462948    1.3770596    0.3438490    0.2589015    0.0607421    0.6901438    0.0975187   -0.1448877   15.5346734    9.6748984
  -4.2938615    3.7789691    0.5426411    0.3613496    1.4457232    0.3592692    0.2699113    0.0680160    0.7206188    0.1508672   -0.1514520   15.6380599    9.6913645
  -4.3313964    3.7696426    0.5670879    0.3760168    1.5142726    0.3744639    0.2814951    0.0746060    0.7504807    0.2018303   -0.1608797   15.7413249    9.7072184
  -4.3607569    3.7623490    0.5871294    0.3879857    1.5681884    0.3867136    0.2899222    0.0799210    0.7746992    0.2438725   -0.1694450   15.8232914    9.7212291
  -4.3909148    3.7548529    0.6074666    0.4003069    1.6243753    0.3994307    0.2989615    0.0848940    0.7997376    0.2864805   -0.1799674   15.9092085    9.7349633
  -4.4194644    3.7477558    0.6266589    0.4119444    1.6771790    0.4114734    0.3072324    0.0890336    0.8234178    0.3269521   -0.1911590   15.9917742    9.7475882
  -4.4481972    3.7406055    0.6457874    0.4237226    1.7302205    0.4237223    0.3154292    0.0927203    0.8474449    0.3671380   -0.2028713   16.0753185    9.7592490
  -4.4742135    3.7341337    0.6637529    0.4347434    1.7769632    0.4350790    0.3217972    0.0951816    0.8698224    0.4050024   -0.2149525   16.1524404    9.7701200
  -4.5031455    3.7269313    0.6839830    0.4471831    1.8268919    0.4478781    0.3276411    0.0965108    0.8950612    0.4477486   -0.2297083   16.2395262    9.7801365
  -4.5316717    3.7198298    0.7038970    0.4595203    1.8723639    0.4605663    0.3316390    0.0956848    0.9200866    0.4897830   -0.2447635   16.3258969    9.7894297
  -4.5592066    3.7129745    0.7233960    0.4716000    1.9111121    0.4729253    0.3328135    0.0923219    0.9445253    0.5310528   -0.2599859   16.4099566    9.7980408
  -4.5884463    3.7056878    0.7438377    0.4843140    1.9442372    0.4859085    0.3302941    0.0852592    0.9702225    0.5743854   -0.2754038   16.4984737    9.8059996
  -4.6177480    3.6983861    0.7631088    0.4965297    1.9660278    0.4984741    0.3228883    0.0734094    0.9950037    0.6149288   -0.2889772   16.5853013    9.8133892
  -4.6460641    3.6913272    0.7829761    0.5088491    1.9768052    0.5108612    0.3087285    0.0593555    1.0197102    0.6573096   -0.3025728   16.6696872    9.8201853
  -4.6761251    3.6838126    0.8009367    0.5204613    1.9704857    0.5227939    0.2857911    0.0394361    1.0432552    0.6948941   -0.3113839   16.7536508    9.8265503
  -4.7053824    3.6765165    0.8208914    0.5328560    1.9590473    0.5350662    0.2560521    0.0227254    1.0679222    0.7376054   -0.3227047   16.8381149    9.8324087
  -4.7362153    3.6688263    0.8400107    0.5448690    1.9326788    0.5469290    0.2169953    0.0048142    1.0917980    0.7783770   -0.3293687   16.9218611    9.8378968
  -4.7663785    3.6613038    0.8577066    0.5560706    1.8945946    0.5578800    0.1719582   -0.0119669    1.1139506    0.8160253   -0.3333615   17.0012619    9.8429744
  -4.7965791    3.6537712    0.8744575    0.5666543    1.8450265    0.5679989    0.1229902   -0.0286342    1.1346532    0.8516909   -0.3333627   17.0767646    9.8477040
  -4.8269160    3.6462038    0.8903624    0.5766818    1.7828426    0.5772916    0.0713281   -0.0462271    1.1539734    0.8855628   -0.3300658   17.1493099    9.8521103
  -4.8566534    3.6387844    0.9052653    0.5859779    1.7087957    0.5854946    0.0200619   -0.0658613    1.1714725    0.9174596   -0.3239359   17.2175236    9.8561853
  -4.8849837    3.6317153    0.9192942    0.5946074    1.6297132    0.5925904   -0.0269884   -0.0851391    1.1871978    0.9475007   -0.3169427   17.2813561    9.8599590
  -4.9409706    3.6177482    0.9466844    0.6110790    1.4944948    0.6045714   -0.0932833   -0.1111779    1.2156504    1.0063399   -0.2994771   17.4038578    9.8666210
  -4.9707244    3.6103214    0.9585325    0.6179164    1.4052165    0.6078779   -0.1191932   -0.1328144    1.2257943    1.0317204   -0.2828231   17.4615883    9.8695534
  -5.0004765    3.6028947    0.9693794    0.6237920    1.2951945    0.6091031   -0.1519114   -0.1559905    1.2328951    1.0550391   -0.2610310   17.5141764    9.8724856
  -5.0302435    3.5954687    0.9822541    0.6305224    1.1866064    0.6105391   -0.1900072   -0.1765871    1.2410615    1.0832425   -0.2396161   17.5671790    9.8754203
  -5.0599878    3.5880676    0.9933052    0.6359987    1.0970779    0.6094159   -0.2114400   -0.1889424    1.2454146    1.1069516   -0.2177038   17.6196275    9.8783567
  -5.0887945    3.5806134    1.0030924    0.6398037    0.9872304    0.6039838   -0.2317656   -0.1984750    1.2437875    1.1284785   -0.1901727   17.6641131    9.8820123
  -5.1195034    3.5731879    1.0147396    0.6445251    0.8875004    0.5990399   -0.2540533   -0.2117686    1.2435650    1.1540634   -0.1658906   17.7166032    9.8842456
  -5.1492487    3.5657608    1.0246081    0.6473768    0.7786471    0.5893566   -0.2690120   -0.2233487    1.2367333    1.1756305   -0.1366067   17.7616825    9.8879898
