 # Mass and radius (in solar units) of white dwarfs  (He-core: Althaus et al. 2013, CO-core: Camisassa et al. 2016,    ONe-core: Camisassa et al. 2019)
#log(teff)/log(g)  7.00             7.10             7.20             7.30             7.40             7.50             7.60             7.70             7.80             7.90             8.00             8.10             8.20             8.30             8.40             8.50             8.60             8.70             8.80             8.90             9.00             9.10             9.20             9.30             9.40             9.50
  3.40             0.187   0.0226   0.213   0.0215   0.240   0.0204   0.266   0.0191   0.303   0.0182   0.342   0.0172   0.384   0.0162   0.430   0.0153   0.473   0.0143   0.519   0.0134   0.572   0.0125   0.633   0.0117   0.697   0.0110   0.763   0.0102   0.828   0.0095   0.894   0.0088   0.959   0.0081   1.020   0.0075   1.072   0.0068   1.120   0.0062   1.166   0.0057   1.200   0.0051   1.233   0.0046   1.260   0.0042   1.287   0.0038   1.314   0.0033
  3.42             0.188   0.0227   0.214   0.0215   0.240   0.0204   0.267   0.0191   0.303   0.0182   0.342   0.0172   0.384   0.0162   0.430   0.0153   0.473   0.0143   0.519   0.0134   0.572   0.0125   0.633   0.0117   0.697   0.0110   0.763   0.0102   0.828   0.0095   0.894   0.0088   0.959   0.0081   1.020   0.0075   1.072   0.0068   1.120   0.0062   1.166   0.0057   1.200   0.0051   1.233   0.0046   1.260   0.0042   1.287   0.0038   1.314   0.0033
  3.44             0.188   0.0227   0.214   0.0215   0.240   0.0204   0.267   0.0191   0.304   0.0182   0.342   0.0172   0.384   0.0162   0.430   0.0153   0.473   0.0143   0.519   0.0134   0.572   0.0125   0.634   0.0117   0.697   0.0110   0.763   0.0102   0.828   0.0095   0.894   0.0088   0.959   0.0081   1.020   0.0075   1.072   0.0068   1.120   0.0062   1.166   0.0057   1.200   0.0051   1.233   0.0046   1.260   0.0042   1.287   0.0038   1.314   0.0033
  3.46             0.189   0.0227   0.215   0.0216   0.241   0.0204   0.267   0.0192   0.304   0.0182   0.343   0.0172   0.385   0.0163   0.431   0.0153   0.474   0.0143   0.520   0.0134   0.573   0.0125   0.634   0.0117   0.698   0.0110   0.763   0.0102   0.828   0.0095   0.894   0.0088   0.959   0.0081   1.020   0.0075   1.072   0.0068   1.120   0.0062   1.166   0.0057   1.201   0.0051   1.233   0.0046   1.260   0.0042   1.287   0.0038   1.314   0.0033
  3.48             0.190   0.0228   0.215   0.0216   0.241   0.0204   0.268   0.0192   0.305   0.0182   0.343   0.0172   0.385   0.0163   0.431   0.0153   0.474   0.0143   0.520   0.0134   0.573   0.0125   0.634   0.0117   0.698   0.0110   0.763   0.0102   0.828   0.0095   0.894   0.0088   0.959   0.0081   1.020   0.0075   1.072   0.0068   1.120   0.0062   1.166   0.0057   1.201   0.0051   1.233   0.0046   1.260   0.0042   1.287   0.0038   1.314   0.0033
  3.50             0.190   0.0228   0.216   0.0216   0.242   0.0204   0.268   0.0192   0.305   0.0182   0.343   0.0172   0.385   0.0163   0.431   0.0154   0.474   0.0143   0.520   0.0134   0.573   0.0125   0.634   0.0117   0.698   0.0110   0.763   0.0102   0.828   0.0095   0.894   0.0088   0.959   0.0081   1.021   0.0075   1.072   0.0068   1.121   0.0062   1.166   0.0057   1.201   0.0051   1.233   0.0046   1.260   0.0042   1.287   0.0038   1.314   0.0033
  3.52             0.191   0.0229   0.217   0.0217   0.242   0.0205   0.269   0.0192   0.306   0.0182   0.344   0.0173   0.386   0.0163   0.432   0.0154   0.474   0.0144   0.520   0.0134   0.573   0.0125   0.634   0.0117   0.698   0.0110   0.763   0.0102   0.828   0.0095   0.894   0.0088   0.959   0.0081   1.021   0.0075   1.072   0.0068   1.121   0.0062   1.166   0.0057   1.201   0.0051   1.233   0.0046   1.260   0.0042   1.287   0.0038   1.314   0.0033
  3.54             0.193   0.0229   0.218   0.0217   0.243   0.0205   0.269   0.0192   0.306   0.0183   0.344   0.0173   0.386   0.0163   0.432   0.0154   0.475   0.0144   0.520   0.0134   0.573   0.0125   0.634   0.0117   0.698   0.0110   0.763   0.0102   0.828   0.0095   0.894   0.0088   0.959   0.0081   1.021   0.0075   1.072   0.0068   1.121   0.0062   1.166   0.0057   1.201   0.0051   1.233   0.0046   1.260   0.0042   1.287   0.0038   1.314   0.0033
  3.56             0.194   0.0230   0.219   0.0218   0.244   0.0205   0.270   0.0192   0.307   0.0183   0.345   0.0173   0.387   0.0163   0.433   0.0154   0.475   0.0144   0.521   0.0134   0.573   0.0125   0.634   0.0117   0.698   0.0110   0.763   0.0102   0.829   0.0095   0.894   0.0088   0.959   0.0081   1.021   0.0075   1.072   0.0068   1.121   0.0062   1.166   0.0057   1.201   0.0051   1.233   0.0046   1.260   0.0042   1.287   0.0038   1.314   0.0033
  3.58             0.195   0.0231   0.220   0.0218   0.245   0.0206   0.271   0.0193   0.308   0.0183   0.346   0.0173   0.388   0.0163   0.433   0.0154   0.476   0.0144   0.521   0.0134   0.574   0.0125   0.635   0.0118   0.698   0.0110   0.764   0.0103   0.829   0.0095   0.894   0.0088   0.959   0.0081   1.021   0.0075   1.072   0.0068   1.121   0.0062   1.166   0.0057   1.201   0.0051   1.233   0.0046   1.260   0.0042   1.287   0.0038   1.314   0.0033
  3.60             0.197   0.0232   0.222   0.0219   0.247   0.0207   0.272   0.0193   0.310   0.0184   0.347   0.0173   0.389   0.0163   0.434   0.0154   0.476   0.0144   0.521   0.0134   0.574   0.0125   0.635   0.0118   0.699   0.0110   0.764   0.0103   0.829   0.0095   0.894   0.0088   0.959   0.0081   1.021   0.0075   1.072   0.0068   1.121   0.0062   1.166   0.0057   1.201   0.0051   1.233   0.0046   1.260   0.0042   1.287   0.0038   1.315   0.0033
  3.62             0.199   0.0233   0.224   0.0221   0.249   0.0207   0.274   0.0194   0.312   0.0184   0.348   0.0174   0.390   0.0164   0.435   0.0154   0.477   0.0144   0.522   0.0134   0.575   0.0125   0.635   0.0118   0.699   0.0110   0.764   0.0103   0.829   0.0095   0.895   0.0088   0.959   0.0081   1.021   0.0075   1.072   0.0068   1.121   0.0062   1.166   0.0057   1.201   0.0051   1.233   0.0046   1.260   0.0042   1.287   0.0038   1.315   0.0033
  3.64             0.203   0.0235   0.227   0.0222   0.251   0.0208   0.277   0.0195   0.314   0.0185   0.350   0.0174   0.392   0.0164   0.436   0.0154   0.478   0.0144   0.523   0.0134   0.575   0.0126   0.636   0.0118   0.699   0.0110   0.764   0.0103   0.829   0.0095   0.895   0.0088   0.959   0.0081   1.021   0.0075   1.072   0.0068   1.121   0.0062   1.166   0.0057   1.201   0.0051   1.233   0.0046   1.260   0.0042   1.287   0.0038   1.315   0.0033
  3.66             0.208   0.0238   0.231   0.0224   0.254   0.0210   0.281   0.0196   0.317   0.0186   0.353   0.0175   0.394   0.0165   0.438   0.0155   0.480   0.0144   0.524   0.0134   0.576   0.0126   0.637   0.0118   0.700   0.0110   0.765   0.0103   0.830   0.0095   0.895   0.0088   0.960   0.0081   1.021   0.0075   1.073   0.0068   1.121   0.0062   1.166   0.0057   1.201   0.0051   1.233   0.0046   1.260   0.0042   1.287   0.0038   1.315   0.0033
  3.68             0.213   0.0241   0.235   0.0226   0.257   0.0211   0.285   0.0198   0.321   0.0187   0.355   0.0175   0.397   0.0165   0.440   0.0155   0.481   0.0145   0.525   0.0135   0.577   0.0126   0.638   0.0118   0.701   0.0110   0.765   0.0103   0.830   0.0095   0.895   0.0088   0.960   0.0081   1.021   0.0075   1.073   0.0068   1.121   0.0062   1.166   0.0057   1.201   0.0051   1.233   0.0046   1.260   0.0042   1.287   0.0038   1.315   0.0033
  3.70             0.219   0.0245   0.239   0.0228   0.261   0.0212   0.290   0.0199   0.324   0.0188   0.359   0.0176   0.400   0.0166   0.442   0.0155   0.483   0.0145   0.526   0.0135   0.579   0.0126   0.639   0.0118   0.702   0.0110   0.766   0.0103   0.831   0.0095   0.896   0.0088   0.960   0.0081   1.022   0.0075   1.073   0.0068   1.121   0.0062   1.166   0.0057   1.201   0.0051   1.233   0.0046   1.260   0.0042   1.288   0.0038   1.315   0.0033
  3.72             0.223   0.0247   0.243   0.0230   0.264   0.0214   0.294   0.0201   0.328   0.0189   0.361   0.0177   0.403   0.0167   0.444   0.0156   0.485   0.0145   0.528   0.0135   0.580   0.0126   0.640   0.0118   0.703   0.0110   0.767   0.0103   0.831   0.0095   0.896   0.0088   0.961   0.0081   1.022   0.0075   1.073   0.0068   1.121   0.0062   1.166   0.0057   1.201   0.0051   1.233   0.0046   1.260   0.0042   1.288   0.0038   1.315   0.0033
  3.74             0.226   0.0249   0.246   0.0232   0.267   0.0215   0.298   0.0202   0.331   0.0190   0.364   0.0178   0.406   0.0167   0.446   0.0156   0.487   0.0146   0.530   0.0135   0.582   0.0126   0.641   0.0118   0.704   0.0110   0.768   0.0103   0.832   0.0095   0.897   0.0088   0.961   0.0081   1.022   0.0075   1.073   0.0068   1.121   0.0062   1.167   0.0057   1.201   0.0051   1.233   0.0046   1.260   0.0042   1.288   0.0038   1.315   0.0033
  3.76             0.229   0.0251   0.248   0.0233   0.269   0.0216   0.300   0.0203   0.333   0.0191   0.367   0.0178   0.409   0.0168   0.448   0.0156   0.489   0.0146   0.531   0.0135   0.584   0.0126   0.643   0.0118   0.705   0.0111   0.769   0.0103   0.833   0.0095   0.898   0.0088   0.962   0.0081   1.023   0.0075   1.073   0.0068   1.122   0.0062   1.167   0.0057   1.201   0.0051   1.233   0.0046   1.261   0.0042   1.288   0.0038   1.315   0.0033
  3.78             0.231   0.0252   0.250   0.0234   0.270   0.0216   0.303   0.0204   0.335   0.0191   0.369   0.0179   0.410   0.0168   0.449   0.0157   0.490   0.0146   0.533   0.0136   0.585   0.0127   0.644   0.0118   0.706   0.0111   0.770   0.0103   0.834   0.0095   0.898   0.0088   0.962   0.0081   1.023   0.0075   1.074   0.0068   1.122   0.0062   1.167   0.0057   1.201   0.0051   1.233   0.0046   1.261   0.0042   1.288   0.0038   1.315   0.0033
  3.80             0.233   0.0253   0.252   0.0234   0.273   0.0217   0.305   0.0205   0.337   0.0192   0.371   0.0179   0.412   0.0168   0.451   0.0157   0.492   0.0146   0.534   0.0136   0.586   0.0127   0.645   0.0118   0.707   0.0111   0.771   0.0103   0.834   0.0095   0.899   0.0088   0.963   0.0081   1.024   0.0075   1.074   0.0068   1.122   0.0062   1.167   0.0057   1.201   0.0051   1.234   0.0046   1.261   0.0042   1.288   0.0038   1.315   0.0033
  3.82             0.235   0.0254   0.254   0.0235   0.275   0.0218   0.307   0.0205   0.339   0.0192   0.373   0.0180   0.414   0.0169   0.452   0.0157   0.493   0.0146   0.535   0.0136   0.587   0.0127   0.646   0.0119   0.708   0.0111   0.771   0.0103   0.835   0.0095   0.900   0.0088   0.963   0.0081   1.024   0.0075   1.074   0.0068   1.122   0.0062   1.167   0.0057   1.201   0.0051   1.234   0.0046   1.261   0.0042   1.288   0.0038   1.315   0.0033
  3.84             0.237   0.0255   0.256   0.0236   0.278   0.0219   0.309   0.0206   0.340   0.0193   0.375   0.0180   0.415   0.0169   0.453   0.0157   0.494   0.0147   0.536   0.0136   0.588   0.0127   0.646   0.0119   0.709   0.0111   0.772   0.0103   0.835   0.0095   0.900   0.0088   0.964   0.0081   1.024   0.0075   1.074   0.0068   1.122   0.0062   1.167   0.0057   1.201   0.0051   1.234   0.0046   1.261   0.0042   1.288   0.0038   1.315   0.0033
  3.86             0.239   0.0256   0.258   0.0237   0.280   0.0220   0.311   0.0207   0.342   0.0193   0.377   0.0181   0.417   0.0169   0.455   0.0158   0.495   0.0147   0.537   0.0136   0.589   0.0127   0.647   0.0119   0.710   0.0111   0.773   0.0103   0.836   0.0095   0.900   0.0088   0.964   0.0081   1.025   0.0075   1.075   0.0068   1.122   0.0062   1.167   0.0057   1.202   0.0051   1.234   0.0046   1.261   0.0042   1.288   0.0038   1.315   0.0033
  3.88             0.241   0.0257   0.260   0.0238   0.283   0.0221   0.313   0.0207   0.344   0.0194   0.378   0.0181   0.418   0.0170   0.456   0.0158   0.496   0.0147   0.538   0.0136   0.590   0.0127   0.648   0.0119   0.710   0.0111   0.773   0.0103   0.836   0.0096   0.901   0.0088   0.964   0.0081   1.025   0.0075   1.075   0.0068   1.123   0.0062   1.167   0.0057   1.202   0.0051   1.234   0.0046   1.261   0.0042   1.288   0.0038   1.315   0.0033
  3.90             0.243   0.0258   0.262   0.0239   0.286   0.0222   0.315   0.0208   0.346   0.0194   0.380   0.0181   0.420   0.0170   0.458   0.0158   0.497   0.0147   0.539   0.0136   0.591   0.0127   0.649   0.0119   0.711   0.0111   0.774   0.0103   0.837   0.0096   0.901   0.0088   0.965   0.0082   1.025   0.0075   1.075   0.0068   1.123   0.0062   1.167   0.0057   1.202   0.0051   1.234   0.0046   1.261   0.0042   1.288   0.0038   1.315   0.0033
  3.92             0.246   0.0260   0.264   0.0240   0.288   0.0223   0.317   0.0209   0.347   0.0195   0.382   0.0182   0.422   0.0170   0.459   0.0158   0.498   0.0147   0.540   0.0136   0.592   0.0127   0.650   0.0119   0.712   0.0111   0.774   0.0103   0.837   0.0096   0.902   0.0088   0.965   0.0082   1.026   0.0075   1.075   0.0068   1.123   0.0062   1.167   0.0057   1.202   0.0051   1.234   0.0046   1.261   0.0042   1.288   0.0038   1.315   0.0033
  3.94             0.248   0.0261   0.266   0.0241   0.291   0.0224   0.319   0.0209   0.349   0.0195   0.384   0.0182   0.423   0.0171   0.461   0.0159   0.499   0.0147   0.541   0.0137   0.592   0.0127   0.650   0.0119   0.713   0.0111   0.775   0.0103   0.838   0.0096   0.902   0.0088   0.965   0.0082   1.026   0.0075   1.075   0.0068   1.123   0.0062   1.168   0.0057   1.202   0.0051   1.234   0.0046   1.261   0.0042   1.288   0.0038   1.315   0.0033
  3.96             0.251   0.0263   0.268   0.0242   0.294   0.0225   0.322   0.0210   0.351   0.0196   0.387   0.0183   0.425   0.0171   0.462   0.0159   0.501   0.0148   0.542   0.0137   0.593   0.0128   0.651   0.0119   0.713   0.0111   0.776   0.0103   0.838   0.0096   0.903   0.0088   0.966   0.0082   1.026   0.0075   1.075   0.0068   1.123   0.0062   1.168   0.0057   1.202   0.0051   1.234   0.0046   1.261   0.0042   1.288   0.0038   1.315   0.0033
  3.98             0.253   0.0264   0.270   0.0242   0.297   0.0227   0.324   0.0211   0.354   0.0196   0.389   0.0184   0.427   0.0171   0.464   0.0159   0.502   0.0148   0.543   0.0137   0.595   0.0128   0.652   0.0119   0.714   0.0111   0.776   0.0103   0.839   0.0096   0.903   0.0088   0.966   0.0082   1.027   0.0075   1.076   0.0068   1.123   0.0062   1.168   0.0057   1.202   0.0051   1.234   0.0046   1.261   0.0042   1.288   0.0038   1.315   0.0033
  4.00             0.255   0.0265   0.273   0.0244   0.300   0.0228   0.327   0.0212   0.356   0.0197   0.391   0.0184   0.429   0.0172   0.465   0.0160   0.503   0.0148   0.544   0.0137   0.596   0.0128   0.653   0.0119   0.715   0.0111   0.777   0.0103   0.840   0.0096   0.904   0.0088   0.967   0.0082   1.027   0.0075   1.076   0.0068   1.124   0.0062   1.168   0.0057   1.202   0.0051   1.234   0.0046   1.261   0.0042   1.288   0.0038   1.315   0.0033
  4.02             0.258   0.0266   0.276   0.0245   0.303   0.0229   0.330   0.0213   0.358   0.0198   0.394   0.0185   0.431   0.0172   0.467   0.0160   0.504   0.0148   0.545   0.0137   0.597   0.0128   0.654   0.0119   0.716   0.0111   0.778   0.0104   0.840   0.0096   0.904   0.0089   0.967   0.0082   1.027   0.0075   1.076   0.0068   1.124   0.0062   1.168   0.0057   1.202   0.0051   1.234   0.0046   1.261   0.0042   1.288   0.0038   1.315   0.0033
  4.04             0.260   0.0267   0.279   0.0246   0.306   0.0230   0.333   0.0214   0.360   0.0198   0.396   0.0185   0.433   0.0173   0.468   0.0160   0.505   0.0148   0.547   0.0137   0.598   0.0128   0.655   0.0119   0.717   0.0111   0.779   0.0104   0.841   0.0096   0.905   0.0089   0.968   0.0082   1.028   0.0075   1.076   0.0068   1.124   0.0062   1.168   0.0057   1.202   0.0051   1.234   0.0046   1.261   0.0042   1.288   0.0038   1.315   0.0033
  4.06             0.261   0.0268   0.281   0.0247   0.308   0.0231   0.336   0.0215   0.363   0.0199   0.399   0.0186   0.435   0.0173   0.470   0.0161   0.507   0.0149   0.548   0.0137   0.599   0.0128   0.656   0.0119   0.718   0.0112   0.779   0.0104   0.841   0.0096   0.905   0.0089   0.968   0.0082   1.028   0.0075   1.077   0.0068   1.124   0.0062   1.168   0.0057   1.202   0.0051   1.234   0.0046   1.261   0.0042   1.288   0.0038   1.315   0.0033
  4.08             0.262   0.0269   0.284   0.0248   0.312   0.0232   0.339   0.0216   0.366   0.0200   0.402   0.0187   0.437   0.0173   0.472   0.0161   0.508   0.0149   0.549   0.0138   0.600   0.0128   0.657   0.0120   0.719   0.0112   0.780   0.0104   0.842   0.0096   0.906   0.0089   0.969   0.0082   1.029   0.0075   1.077   0.0068   1.124   0.0062   1.168   0.0057   1.203   0.0051   1.234   0.0046   1.261   0.0042   1.288   0.0038   1.315   0.0033
  4.10             0.263   0.0269   0.285   0.0249   0.315   0.0233   0.342   0.0217   0.370   0.0201   0.404   0.0187   0.439   0.0174   0.473   0.0161   0.509   0.0149   0.551   0.0138   0.602   0.0128   0.658   0.0120   0.720   0.0112   0.781   0.0104   0.843   0.0096   0.907   0.0089   0.969   0.0082   1.029   0.0075   1.077   0.0068   1.125   0.0062   1.169   0.0057   1.203   0.0051   1.234   0.0046   1.261   0.0042   1.288   0.0038   1.315   0.0033
  4.12             0.264   0.0270   0.287   0.0250   0.319   0.0235   0.345   0.0218   0.373   0.0202   0.407   0.0188   0.441   0.0174   0.475   0.0161   0.511   0.0149   0.552   0.0138   0.603   0.0129   0.659   0.0120   0.721   0.0112   0.782   0.0104   0.844   0.0096   0.907   0.0089   0.970   0.0082   1.029   0.0075   1.078   0.0068   1.125   0.0062   1.169   0.0057   1.203   0.0051   1.235   0.0046   1.262   0.0042   1.288   0.0038   1.315   0.0033
  4.14             0.264   0.0270   0.289   0.0250   0.323   0.0236   0.348   0.0219   0.376   0.0203   0.410   0.0189   0.443   0.0175   0.477   0.0162   0.512   0.0149   0.553   0.0138   0.604   0.0129   0.661   0.0120   0.722   0.0112   0.783   0.0104   0.844   0.0096   0.908   0.0089   0.970   0.0082   1.030   0.0075   1.078   0.0068   1.125   0.0062   1.169   0.0057   1.203   0.0051   1.235   0.0046   1.262   0.0042   1.289   0.0038   1.315   0.0033
  4.16             0.265   0.0270   0.292   0.0252   0.326   0.0238   0.351   0.0220   0.380   0.0204   0.413   0.0189   0.445   0.0175   0.479   0.0162   0.514   0.0150   0.555   0.0138   0.606   0.0129   0.662   0.0120   0.723   0.0112   0.784   0.0104   0.845   0.0096   0.908   0.0089   0.971   0.0082   1.030   0.0075   1.079   0.0068   1.126   0.0062   1.169   0.0057   1.203   0.0051   1.235   0.0046   1.262   0.0042   1.289   0.0038   1.316   0.0033
  4.18             0.266   0.0271   0.295   0.0253   0.329   0.0239   0.354   0.0221   0.384   0.0205   0.416   0.0190   0.447   0.0175   0.481   0.0163   0.515   0.0150   0.556   0.0139   0.607   0.0129   0.663   0.0120   0.724   0.0112   0.785   0.0104   0.846   0.0096   0.909   0.0089   0.971   0.0082   1.031   0.0075   1.079   0.0068   1.126   0.0062   1.169   0.0057   1.203   0.0051   1.235   0.0046   1.262   0.0042   1.289   0.0038   1.316   0.0033
  4.20             0.267   0.0271   0.299   0.0255   0.333   0.0240   0.357   0.0222   0.387   0.0206   0.419   0.0191   0.449   0.0176   0.483   0.0163   0.517   0.0150   0.558   0.0139   0.609   0.0129   0.665   0.0120   0.725   0.0112   0.786   0.0104   0.847   0.0096   0.910   0.0089   0.972   0.0082   1.031   0.0075   1.079   0.0068   1.127   0.0062   1.170   0.0057   1.204   0.0051   1.235   0.0046   1.262   0.0042   1.289   0.0038   1.316   0.0033
  4.22             0.268   0.0271   0.304   0.0257   0.336   0.0241   0.360   0.0222   0.391   0.0207   0.422   0.0191   0.451   0.0176   0.485   0.0163   0.518   0.0150   0.560   0.0139   0.611   0.0129   0.666   0.0120   0.727   0.0112   0.787   0.0104   0.848   0.0096   0.911   0.0089   0.973   0.0082   1.032   0.0075   1.080   0.0068   1.127   0.0062   1.170   0.0057   1.204   0.0051   1.235   0.0046   1.262   0.0042   1.289   0.0038   1.316   0.0033
  4.24             0.269   0.0272   0.311   0.0260   0.339   0.0243   0.364   0.0223   0.394   0.0208   0.425   0.0192   0.454   0.0177   0.487   0.0164   0.520   0.0150   0.561   0.0139   0.613   0.0130   0.668   0.0121   0.728   0.0112   0.788   0.0104   0.849   0.0096   0.911   0.0089   0.973   0.0082   1.032   0.0075   1.081   0.0068   1.128   0.0062   1.170   0.0057   1.204   0.0051   1.236   0.0046   1.262   0.0042   1.289   0.0038   1.316   0.0033
  4.26             0.270   0.0272   0.319   0.0263   0.343   0.0244   0.368   0.0225   0.398   0.0209   0.428   0.0193   0.457   0.0177   0.489   0.0164   0.522   0.0151   0.563   0.0139   0.614   0.0130   0.670   0.0121   0.729   0.0113   0.789   0.0104   0.850   0.0096   0.912   0.0089   0.974   0.0082   1.033   0.0075   1.081   0.0068   1.128   0.0062   1.171   0.0057   1.205   0.0051   1.236   0.0046   1.262   0.0042   1.289   0.0038   1.316   0.0033
  4.28             0.271   0.0272   0.328   0.0267   0.349   0.0246   0.373   0.0226   0.402   0.0210   0.431   0.0193   0.459   0.0178   0.491   0.0164   0.523   0.0151   0.565   0.0140   0.616   0.0130   0.671   0.0121   0.731   0.0113   0.790   0.0104   0.851   0.0096   0.913   0.0089   0.975   0.0082   1.034   0.0075   1.082   0.0068   1.129   0.0062   1.171   0.0057   1.205   0.0051   1.236   0.0046   1.263   0.0042   1.289   0.0038   1.316   0.0033
  4.30             0.278   0.0276   0.331   0.0269   0.353   0.0247   0.378   0.0228   0.406   0.0211   0.435   0.0194   0.462   0.0179   0.493   0.0165   0.525   0.0151   0.567   0.0140   0.618   0.0130   0.673   0.0121   0.732   0.0113   0.792   0.0104   0.852   0.0096   0.914   0.0089   0.975   0.0082   1.034   0.0075   1.082   0.0068   1.129   0.0063   1.172   0.0057   1.205   0.0051   1.236   0.0046   1.263   0.0042   1.289   0.0038   1.316   0.0033
  4.32             0.288   0.0280   0.335   0.0270   0.356   0.0249   0.383   0.0230   0.410   0.0212   0.438   0.0195   0.464   0.0179   0.496   0.0165   0.527   0.0151   0.569   0.0140   0.621   0.0130   0.675   0.0121   0.734   0.0113   0.793   0.0105   0.853   0.0096   0.915   0.0089   0.976   0.0082   1.035   0.0075   1.082   0.0068   1.130   0.0063   1.172   0.0057   1.206   0.0051   1.237   0.0046   1.263   0.0042   1.290   0.0038   1.316   0.0033
  4.34             0.299   0.0286   0.338   0.0272   0.360   0.0250   0.387   0.0231   0.414   0.0213   0.440   0.0195   0.467   0.0180   0.498   0.0166   0.529   0.0152   0.571   0.0140   0.623   0.0131   0.677   0.0122   0.736   0.0113   0.794   0.0105   0.854   0.0097   0.916   0.0089   0.977   0.0082   1.036   0.0075   1.082   0.0068   1.130   0.0063   1.173   0.0057   1.207   0.0051   1.238   0.0046   1.264   0.0042   1.290   0.0038   1.316   0.0033
  4.36             0.312   0.0292   0.340   0.0273   0.362   0.0250   0.390   0.0232   0.418   0.0214   0.443   0.0196   0.470   0.0180   0.500   0.0166   0.531   0.0152   0.574   0.0141   0.625   0.0131   0.679   0.0122   0.738   0.0113   0.796   0.0105   0.855   0.0097   0.917   0.0089   0.978   0.0082   1.036   0.0075   1.083   0.0068   1.131   0.0063   1.173   0.0057   1.208   0.0051   1.239   0.0047   1.264   0.0042   1.290   0.0038   1.316   0.0033
  4.38             0.322   0.0297   0.343   0.0274   0.365   0.0251   0.393   0.0233   0.421   0.0215   0.445   0.0197   0.473   0.0181   0.503   0.0166   0.534   0.0152   0.576   0.0141   0.627   0.0131   0.682   0.0122   0.739   0.0113   0.797   0.0105   0.857   0.0097   0.918   0.0089   0.979   0.0082   1.037   0.0075   1.083   0.0068   1.131   0.0063   1.174   0.0057   1.210   0.0051   1.240   0.0047   1.265   0.0042   1.290   0.0038   1.316   0.0033
  4.40             0.325   0.0299   0.346   0.0275   0.368   0.0252   0.397   0.0234   0.426   0.0216   0.448   0.0197   0.476   0.0182   0.505   0.0167   0.537   0.0153   0.579   0.0141   0.630   0.0131   0.684   0.0122   0.741   0.0114   0.799   0.0105   0.858   0.0097   0.919   0.0089   0.980   0.0082   1.038   0.0075   1.084   0.0068   1.131   0.0063   1.175   0.0057   1.212   0.0051   1.241   0.0047   1.266   0.0042   1.291   0.0038   1.316   0.0033
  4.42             0.328   0.0300   0.348   0.0276   0.371   0.0253   0.401   0.0235   0.430   0.0217   0.450   0.0198   0.479   0.0182   0.507   0.0167   0.539   0.0153   0.582   0.0142   0.632   0.0132   0.686   0.0122   0.743   0.0114   0.801   0.0105   0.860   0.0097   0.921   0.0089   0.981   0.0082   1.039   0.0075   1.084   0.0069   1.132   0.0063   1.176   0.0057   1.214   0.0052   1.243   0.0047   1.267   0.0042   1.292   0.0038   1.316   0.0033
  4.44             0.331   0.0302   0.350   0.0277   0.374   0.0255   0.405   0.0236   0.436   0.0218   0.454   0.0198   0.482   0.0183   0.510   0.0168   0.542   0.0154   0.585   0.0142   0.635   0.0132   0.689   0.0123   0.746   0.0114   0.802   0.0105   0.861   0.0097   0.922   0.0089   0.982   0.0082   1.040   0.0075   1.085   0.0069   1.132   0.0063   1.177   0.0057   1.216   0.0052   1.244   0.0047   1.268   0.0042   1.293   0.0038   1.317   0.0033
  4.46             0.334   0.0303   0.353   0.0278   0.378   0.0256   0.410   0.0238   0.439   0.0219   0.458   0.0200   0.485   0.0184   0.513   0.0168   0.546   0.0154   0.588   0.0142   0.637   0.0132   0.691   0.0123   0.748   0.0114   0.804   0.0105   0.863   0.0097   0.923   0.0089   0.983   0.0082   1.041   0.0075   1.086   0.0069   1.133   0.0063   1.177   0.0057   1.217   0.0052   1.245   0.0047   1.269   0.0042   1.294   0.0038   1.319   0.0033
  4.48             0.337   0.0305   0.355   0.0279   0.383   0.0257   0.417   0.0239   0.442   0.0220   0.462   0.0201   0.488   0.0185   0.515   0.0168   0.549   0.0154   0.591   0.0143   0.640   0.0133   0.694   0.0123   0.750   0.0114   0.806   0.0105   0.864   0.0097   0.925   0.0090   0.984   0.0082   1.042   0.0075   1.086   0.0069   1.133   0.0063   1.177   0.0057   1.217   0.0052   1.245   0.0047   1.270   0.0042   1.295   0.0038   1.320   0.0033
  4.50             0.339   0.0306   0.357   0.0279   0.389   0.0259   0.428   0.0242   0.445   0.0221   0.466   0.0202   0.492   0.0185   0.518   0.0169   0.552   0.0155   0.594   0.0143   0.643   0.0133   0.696   0.0123   0.752   0.0114   0.808   0.0106   0.866   0.0097   0.926   0.0090   0.986   0.0082   1.043   0.0076   1.087   0.0069   1.134   0.0063   1.178   0.0057   1.218   0.0052   1.246   0.0047   1.272   0.0042   1.297   0.0037   1.323   0.0033
  4.52             0.342   0.0308   0.359   0.0280   0.404   0.0264   0.439   0.0246   0.448   0.0221   0.470   0.0203   0.495   0.0186   0.521   0.0169   0.555   0.0155   0.598   0.0144   0.646   0.0133   0.699   0.0124   0.755   0.0115   0.810   0.0106   0.868   0.0097   0.928   0.0090   0.987   0.0082   1.044   0.0076   1.088   0.0069   1.135   0.0063   1.178   0.0057   1.218   0.0052   1.248   0.0047   1.274   0.0042   1.301   0.0037   1.328   0.0033
  4.54             0.345   0.0309   0.361   0.0281   0.420   0.0269   0.441   0.0247   0.449   0.0222   0.473   0.0204   0.498   0.0187   0.524   0.0170   0.559   0.0156   0.602   0.0144   0.649   0.0133   0.702   0.0124   0.757   0.0115   0.812   0.0106   0.870   0.0097   0.929   0.0090   0.988   0.0083   1.045   0.0076   1.088   0.0069   1.135   0.0063   1.179   0.0057   1.219   0.0052   1.249   0.0047   1.278   0.0042   1.307   0.0037   1.335   0.0033
  4.56             0.347   0.0310   0.367   0.0282   0.436   0.0275   0.443   0.0248   0.453   0.0223   0.478   0.0205   0.502   0.0187   0.526   0.0170   0.562   0.0156   0.605   0.0145   0.652   0.0134   0.705   0.0124   0.760   0.0115   0.814   0.0106   0.872   0.0098   0.931   0.0090   0.990   0.0083   1.046   0.0076   1.089   0.0069   1.136   0.0063   1.179   0.0057   1.219   0.0052   1.251   0.0047   1.280   0.0042   1.310   0.0037   1.340   0.0033
  4.58             0.350   0.0312   0.380   0.0287   0.438   0.0276   0.445   0.0249   0.458   0.0224   0.482   0.0206   0.506   0.0188   0.530   0.0170   0.566   0.0157   0.609   0.0145   0.655   0.0134   0.708   0.0125   0.762   0.0115   0.816   0.0106   0.874   0.0098   0.933   0.0090   0.991   0.0083   1.047   0.0076   1.090   0.0069   1.137   0.0063   1.180   0.0057   1.220   0.0052   1.251   0.0047   1.281   0.0042   1.311   0.0037   1.340   0.0033
  4.60             0.353   0.0313   0.400   0.0294   0.440   0.0277   0.447   0.0249   0.464   0.0226   0.487   0.0208   0.510   0.0189   0.535   0.0171   0.570   0.0157   0.613   0.0146   0.658   0.0134   0.711   0.0125   0.765   0.0116   0.818   0.0106   0.876   0.0098   0.935   0.0090   0.993   0.0083   1.049   0.0076   1.091   0.0069   1.138   0.0063   1.181   0.0057   1.220   0.0052   1.251   0.0047   1.281   0.0042   1.311   0.0037   1.341   0.0033
  4.62             0.355   0.0314   0.429   0.0306   0.442   0.0278   0.449   0.0249   0.470   0.0228   0.492   0.0209   0.513   0.0189   0.539   0.0172   0.574   0.0158   0.617   0.0146   0.662   0.0135   0.715   0.0125   0.768   0.0116   0.820   0.0106   0.878   0.0098   0.937   0.0090   0.995   0.0083   1.045   0.0075   1.092   0.0069   1.139   0.0063   1.181   0.0057   1.221   0.0052   1.252   0.0047   1.282   0.0042   1.311   0.0037   1.341   0.0033
  4.64             0.358   0.0314   0.437   0.0309   0.444   0.0279   0.455   0.0251   0.476   0.0231   0.497   0.0210   0.517   0.0190   0.544   0.0173   0.578   0.0158   0.621   0.0147   0.666   0.0135   0.718   0.0126   0.770   0.0116   0.823   0.0106   0.880   0.0098   0.938   0.0090   0.996   0.0083   1.047   0.0075   1.093   0.0069   1.140   0.0063   1.182   0.0057   1.221   0.0052   1.252   0.0047   1.282   0.0042   1.312   0.0037   1.341   0.0033
  4.66             0.360   0.0315   0.439   0.0310   0.447   0.0279   0.462   0.0254   0.482   0.0233   0.501   0.0212   0.521   0.0190   0.549   0.0174   0.583   0.0159   0.625   0.0147   0.670   0.0136   0.722   0.0126   0.773   0.0116   0.825   0.0107   0.882   0.0098   0.940   0.0090   0.998   0.0083   1.048   0.0075   1.094   0.0069   1.141   0.0063   1.183   0.0057   1.222   0.0052   1.253   0.0047   1.282   0.0042   1.312   0.0037   1.342   0.0033
  4.68             0.369   0.0318   0.441   0.0311   0.450   0.0279   0.469   0.0257   0.487   0.0235   0.506   0.0213   0.525   0.0191   0.555   0.0174   0.589   0.0160   0.630   0.0148   0.674   0.0136   0.725   0.0126   0.776   0.0116   0.827   0.0107   0.884   0.0098   0.942   0.0090   1.000   0.0083   1.049   0.0075   1.095   0.0069   1.142   0.0063   1.184   0.0057   1.223   0.0052   1.253   0.0047   1.283   0.0042   1.312   0.0037   1.342   0.0033
  4.70             0.425   0.0341   0.444   0.0312   0.457   0.0283   0.475   0.0260   0.493   0.0237   0.511   0.0214   0.529   0.0191   0.560   0.0175   0.595   0.0161   0.635   0.0148   0.678   0.0137   0.729   0.0127   0.779   0.0117   0.830   0.0107   0.886   0.0098   0.944   0.0090   1.001   0.0083   1.050   0.0075   1.096   0.0069   1.143   0.0063   1.184   0.0057   1.224   0.0052   1.254   0.0047   1.283   0.0042   1.313   0.0037   1.342   0.0033
  4.72             0.438   0.0347   0.448   0.0313   0.465   0.0287   0.482   0.0263   0.499   0.0239   0.516   0.0214   0.536   0.0192   0.566   0.0176   0.601   0.0162   0.639   0.0149   0.683   0.0137   0.733   0.0127   0.782   0.0117   0.832   0.0107   0.888   0.0098   0.946   0.0091   1.003   0.0083   1.051   0.0075   1.097   0.0069   1.144   0.0063   1.185   0.0057   1.224   0.0052   1.254   0.0047   1.284   0.0042   1.313   0.0037   1.343   0.0033
  4.74             0.442   0.0348   0.455   0.0317   0.472   0.0291   0.488   0.0266   0.504   0.0240   0.520   0.0215   0.543   0.0194   0.572   0.0177   0.607   0.0163   0.643   0.0149   0.688   0.0138   0.737   0.0128   0.786   0.0117   0.835   0.0107   0.891   0.0099   0.948   0.0091   1.005   0.0083   1.052   0.0075   1.098   0.0069   1.145   0.0063   1.186   0.0057   1.225   0.0052   1.255   0.0047   1.284   0.0042   1.314   0.0037   1.343   0.0033
  4.76             0.447   0.0350   0.463   0.0322   0.479   0.0295   0.494   0.0268   0.510   0.0241   0.525   0.0214   0.550   0.0195   0.578   0.0178   0.613   0.0164   0.648   0.0150   0.693   0.0138   0.741   0.0128   0.789   0.0118   0.838   0.0107   0.893   0.0099   0.950   0.0091   1.006   0.0083   1.053   0.0075   1.099   0.0069   1.146   0.0063   1.187   0.0057   1.226   0.0052   1.256   0.0047   1.285   0.0042   1.314   0.0037   1.343   0.0033
  4.78             0.455   0.0356   0.470   0.0327   0.485   0.0299   0.500   0.0270   0.515   0.0242   0.531   0.0215   0.557   0.0196   0.585   0.0179   0.619   0.0165   0.653   0.0150   0.698   0.0139   0.745   0.0128   0.792   0.0118   0.841   0.0107   0.896   0.0099   0.952   0.0091   1.008   0.0083   1.054   0.0075   1.100   0.0069   1.147   0.0063   1.188   0.0057   1.227   0.0052   1.256   0.0047   1.286   0.0042   1.315   0.0037   1.344   0.0033
  4.80             0.462   0.0362   0.477   0.0332   0.491   0.0302   0.506   0.0272   0.520   0.0242   0.539   0.0217   0.563   0.0198   0.592   0.0180   0.624   0.0165   0.657   0.0151   0.703   0.0140   0.750   0.0129   0.796   0.0118   0.844   0.0108   0.898   0.0099   0.955   0.0091   1.010   0.0083   1.055   0.0075   1.102   0.0069   1.148   0.0063   1.189   0.0057   1.228   0.0052   1.257   0.0047   1.286   0.0042   1.316   0.0037   1.345   0.0033
  4.82             0.468   0.0367   0.483   0.0335   0.497   0.0304   0.511   0.0272   0.526   0.0241   0.547   0.0219   0.570   0.0198   0.599   0.0182   0.630   0.0166   0.663   0.0151   0.709   0.0140   0.754   0.0129   0.799   0.0118   0.847   0.0108   0.901   0.0099   0.957   0.0091   1.012   0.0083   1.056   0.0075   1.103   0.0069   1.149   0.0063   1.190   0.0057   1.228   0.0052   1.258   0.0047   1.287   0.0042   1.317   0.0037   1.346   0.0032
  4.84             0.475   0.0371   0.489   0.0338   0.503   0.0305   0.517   0.0272   0.533   0.0241   0.554   0.0220   0.575   0.0199   0.605   0.0183   0.636   0.0167   0.670   0.0152   0.714   0.0141   0.759   0.0130   0.803   0.0119   0.850   0.0108   0.904   0.0099   0.959   0.0091   1.014   0.0084   1.058   0.0076   1.104   0.0069   1.150   0.0063   1.191   0.0057   1.229   0.0052   1.259   0.0047   1.289   0.0042   1.318   0.0037   1.348   0.0032
  4.86             0.481   0.0376   0.495   0.0341   0.509   0.0306   0.523   0.0271   0.541   0.0244   0.560   0.0222   0.582   0.0201   0.612   0.0184   0.641   0.0168   0.677   0.0153   0.720   0.0142   0.763   0.0130   0.807   0.0119   0.854   0.0108   0.907   0.0099   0.962   0.0091   1.016   0.0084   1.059   0.0076   1.105   0.0069   1.151   0.0063   1.192   0.0057   1.230   0.0052   1.260   0.0047   1.289   0.0042   1.319   0.0037   1.349   0.0032
  4.88             0.488   0.0381   0.502   0.0344   0.515   0.0306   0.529   0.0270   0.548   0.0246   0.566   0.0223   0.589   0.0202   0.618   0.0185   0.646   0.0168   0.683   0.0154   0.726   0.0143   0.768   0.0131   0.810   0.0119   0.857   0.0109   0.910   0.0100   0.965   0.0091   1.018   0.0084   1.060   0.0076   1.106   0.0069   1.152   0.0063   1.192   0.0057   1.230   0.0052   1.260   0.0047   1.290   0.0042   1.320   0.0037   1.350   0.0032
  4.90             0.496   0.0385   0.509   0.0345   0.522   0.0305   0.537   0.0273   0.554   0.0248   0.571   0.0223   0.596   0.0204   0.624   0.0186   0.651   0.0169   0.690   0.0155   0.731   0.0143   0.773   0.0131   0.814   0.0119   0.861   0.0109   0.913   0.0100   0.967   0.0092   1.021   0.0084   1.062   0.0076   1.108   0.0069   1.153   0.0063   1.193   0.0057   1.231   0.0052   1.261   0.0047   1.291   0.0042   1.321   0.0037   1.350   0.0032
