#    1         2         3         4         5         6       7      8            9             10       11           18        19              23                     24         25           26    
# LOG(L)   LOG(TEFF)    T_c      Ro_c       Hc        Hec   %Con_s %Con_c    Log(edad/Myr)      Masa    M^dot        Log(Lnu)  Log MHtot       Log(grav)   R/R_sun   L.H.[erg/s)] Sep.Fase[erg/s]   
 3.202260  5.584237  2.285499  7.766472  0.000000  0.000000  0.000  0.000    2.292122246896022  1.09840 -33.00000   3.7435019 -30.5574863    8.5684907   0.0090155   0.000000      -0.000000    
 3.190357  5.581343  2.285496  7.766467  0.000000  0.000000  0.000  0.000    2.292122246919730  1.09840 -33.00000   3.7434942 -30.5574866    8.5688173   0.0090121   0.000000      -0.000000    
 3.178509  5.578465  2.285499  7.766474  0.000000  0.000000  0.000  0.000    2.292122246948181  1.09840 -33.00000   3.7435043 -30.5574867    8.5691520   0.0090087   0.000000      -0.000000    
 3.167351  5.575755  2.285495  7.766468  0.000000  0.000000  0.000  0.000    2.292122246980497  1.09840 -33.00000   3.7434955 -30.5574867    8.5694703   0.0090054   0.000000      -0.000000    
 3.156337  5.573083  2.285499  7.766476  0.000000  0.000000  0.000  0.000    2.292122247019277  1.09840 -33.00000   3.7435067 -30.5574868    8.5697943   0.0090020   0.000000      -0.000000    
 3.145996  5.570574  2.285494  7.766469  0.000000  0.000000  0.000  0.000    2.292122247063330  1.09840 -33.00000   3.7434940 -30.5574867    8.5701016   0.0089988   0.000000      -0.000000    
 3.135792  5.568102  2.285498  7.766477  0.000000  0.000000  0.000  0.000    2.292122247116192  1.09840 -33.00000   3.7435056 -30.5574865    8.5704158   0.0089956   0.000000      -0.000000    
 3.126196  5.565777  2.285493  7.766471  0.000000  0.000000  0.000  0.000    2.292122247176243  1.09840 -33.00000   3.7434923 -30.5574863    8.5707144   0.0089925   0.000000      -0.000000    
 3.116699  5.563480  2.285496  7.766478  0.000000  0.000000  0.000  0.000    2.292122247248303  1.09840 -33.00000   3.7435002 -30.5574868    8.5710203   0.0089893   0.000000      -0.000000    
 3.107741  5.561313  2.285491  7.766472  0.000000  0.000000  0.000  0.000    2.292122247330159  1.09840 -33.00000   3.7434858 -30.5574867    8.5713124   0.0089863   0.000000      -0.000000    
 3.098851  5.559166  2.285493  7.766480  0.000000  0.000000  0.000  0.000    2.292122247428385  1.09840 -33.00000   3.7434936 -30.5574444    8.5716129   0.0089832   0.000000      -0.000000    
 3.090443  5.557136  2.285488  7.766473  0.000000  0.000000  0.000  0.000    2.292122247539965  1.09840 -33.00000   3.7434768 -30.5574442    8.5719001   0.0089802   0.000000      -0.000000    
 3.082075  5.555118  2.285490  7.766481  0.000000  0.000000  0.000  0.000    2.292122247673862  1.09840 -33.00000   3.7434823 -30.5574442    8.5721964   0.0089771   0.000000      -0.000000    
 3.074163  5.553211  2.285484  7.766474  0.000000  0.000000  0.000  0.000    2.292122247825962  1.09840 -33.00000   3.7434644 -30.5574440    8.5724801   0.0089742   0.000000      -0.000000    
 3.066297  5.551317  2.285485  7.766482  0.000000  0.000000  0.000  0.000    2.292122248008481  1.09840 -33.00000   3.7434671 -30.5574435    8.5727726   0.0089712   0.000000      -0.000000    
 3.058867  5.549530  2.285479  7.766476  0.000000  0.000000  0.000  0.000    2.292122248215814  1.09840 -33.00000   3.7434466 -30.5574439    8.5730526   0.0089683   0.000000      -0.000000    
 3.051500  5.547760  2.285479  7.766484  0.000000  0.000000  0.000  0.000    2.292122248464613  1.09840 -33.00000   3.7434457 -30.5574438    8.5733412   0.0089653   0.000000      -0.000000    
 3.044564  5.546095  2.285472  7.766478  0.000000  0.000000  0.000  0.000    2.292122248747238  1.09840 -33.00000   3.7434208 -30.5574434    8.5736174   0.0089625   0.000000      -0.000000    
 3.037702  5.544451  2.285472  7.766486  0.000000  0.000000  0.000  0.000    2.292122249086388  1.09840 -33.00000   3.7434162 -30.5574431    8.5739024   0.0089595   0.000000      -0.000000    
 3.031261  5.542909  2.285463  7.766481  0.000000  0.000000  0.000  0.000    2.292122249471656  1.09840 -33.00000   3.7433860 -30.5574431    8.5741753   0.0089567   0.000000      -0.000000    
 3.024917  5.541393  2.285461  7.766490  0.000000  0.000000  0.000  0.000    2.292122249933978  1.09840 -33.00000   3.7433754 -30.5574428    8.5744576   0.0089538   0.000000      -0.000000    
 3.018956  5.539971  2.285451  7.766484  0.000000  0.000000  0.000  0.000    2.292122250459179  1.09840 -33.00000   3.7433383 -30.5574428    8.5747289   0.0089510   0.000000      -0.000000    
 3.013085  5.538574  2.285448  7.766494  0.000000  0.000000  0.000  0.000    2.292122251089419  1.09840 -33.00000   3.7433195 -30.5574434    8.5750113   0.0089481   0.000000      -0.000000    
 3.007567  5.537263  2.285435  7.766489  0.000000  0.000000  0.000  0.000    2.292122251805394  1.09840 -33.00000   3.7432728 -30.5574442    8.5752848   0.0089453   0.000000      -0.000000    
 3.002104  5.535969  2.285429  7.766499  0.000000  0.000000  0.000  0.000    2.292122252664564  1.09840 -33.00000   3.7432423 -30.5574432    8.5755727   0.0089423   0.000000      -0.000000    
 2.996920  5.534744  2.285413  7.766496  0.000000  0.000000  0.000  0.000    2.292122253640640  1.09840 -33.00000   3.7431832 -30.5574424    8.5758559   0.0089394   0.000000      -0.000000    
 2.991708  5.533517  2.285404  7.766507  0.000000  0.000000  0.000  0.000    2.292122254811931  1.09840 -33.00000   3.7431372 -30.5574425    8.5761593   0.0089363   0.000000      -0.000000    
 2.986656  5.532330  2.285384  7.766504  0.000000  0.000000  0.000  0.000    2.292122256142659  1.09840 -33.00000   3.7430606 -30.5574425    8.5764645   0.0089331   0.000000      -0.000000    
 2.981428  5.531107  2.285370  7.766517  0.000000  0.000000  0.000  0.000    2.292122257739531  1.09840 -33.00000   3.7429934 -30.5574408    8.5767991   0.0089297   0.000000      -0.000000    
 2.976188  5.529883  2.285345  7.766516  0.000000  0.000000  0.000  0.000    2.292122259553881  1.09840 -33.00000   3.7428924 -30.5574408    8.5771444   0.0089261   0.000000      -0.000000    
 2.970563  5.528573  2.285324  7.766530  0.000000  0.000000  0.000  0.000    2.292122261731100  1.09840 -33.00000   3.7427985 -30.5574356    8.5775315   0.0089222   0.000000      -0.000000    
 2.964725  5.527216  2.285291  7.766531  0.000000  0.000000  0.000  0.000    2.292122264205041  1.09840 -33.00000   3.7426652 -29.0119155    8.5779396   0.0089180   0.000000      -0.000000    
 2.958261  5.525716  2.285261  7.766548  0.000000  0.000000  0.000  0.000    2.292122267173771  1.09840 -33.00000   3.7425301 -25.1990033    8.5784031   0.0089132   0.000000      -0.000000    
 2.951416  5.524128  2.285218  7.766553  0.000000  0.000000  0.000  0.000    2.292122270547482  1.09840 -33.00000   3.7423520 -24.5312482    8.5788961   0.0089082   0.000000      -0.000000    
 2.943748  5.522351  2.285175  7.766573  0.000000  0.000000  0.000  0.000    2.292122274595935  1.09840 -33.00000   3.7421634 -24.5124512    8.5794569   0.0089024   0.000000      -0.000000    
 2.935590  5.520460  2.285118  7.766581  0.000000  0.000000  0.000  0.000    2.292122279197382  1.09840 -33.00000   3.7419244 -24.2758790    8.5800529   0.0088963   0.000000      -0.000000    
 2.926468  5.518348  2.285058  7.766607  0.000000  0.000000  0.000  0.000    2.292122284719118  1.09840 -33.00000   3.7416630 -23.9965476    8.5807258   0.0088894   0.000000      -0.000000    
 2.916830  5.516116  2.284981  7.766620  0.000000  0.000000  0.000  0.000    2.292122290996427  1.09840 -33.00000   3.7413413 -23.8146282    8.5814358   0.0088822   0.000000      -0.000000    
 2.906169  5.513649  2.284899  7.766652  0.000000  0.000000  0.000  0.000    2.292122298529196  1.09840 -33.00000   3.7409804 -23.8930684    8.5822283   0.0088741   0.000000      -0.000000    
 2.895027  5.511071  2.284795  7.766673  0.000000  0.000000  0.000  0.000    2.292122307095185  1.09840 -33.00000   3.7405457 -23.7320192    8.5830563   0.0088656   0.000000      -0.000000    
 2.882831  5.508250  2.284680  7.766713  0.000000  0.000000  0.000  0.000    2.292122317374372  1.09840 -33.00000   3.7400493 -23.7101309    8.5839697   0.0088563   0.000000      -0.000000    
 2.870232  5.505337  2.284540  7.766744  0.000000  0.000000  0.000  0.000    2.292122329068043  1.09840 -33.00000   3.7394603 -23.5241408    8.5849150   0.0088466   0.000000      -0.000000    
 2.856593  5.502185  2.284382  7.766797  0.000000  0.000000  0.000  0.000    2.292122343100447  1.09840 -33.00000   3.7387790 -23.4011006    8.5859468   0.0088361   0.000000      -0.000000    
 2.842626  5.498958  2.284192  7.766841  0.000000  0.000000  0.000  0.000    2.292122359072190  1.09840 -33.00000   3.7379796 -23.3803402    8.5870053   0.0088254   0.000000      -0.000000    
 2.827667  5.495504  2.283975  7.766909  0.000000  0.000000  0.000  0.000    2.292122378238280  1.09840 -33.00000   3.7370467 -23.2231974    8.5881494   0.0088138   0.000000      -0.000000    
 2.812478  5.491998  2.283718  7.766972  0.000000  0.000000  0.000  0.000    2.292122400068793  1.09840 -33.00000   3.7359627 -23.1486101    8.5893135   0.0088020   0.000000      -0.000000    
 2.796375  5.488283  2.283420  7.767062  0.000000  0.000000  0.000  0.000    2.292122426265407  1.09840 -33.00000   3.7346871 -23.0271172    8.5905593   0.0087893   0.000000      -0.000000    
 2.780191  5.484552  2.283072  7.767149  0.000000  0.000000  0.000  0.000    2.292122456132511  1.09840 -33.00000   3.7332111 -22.9841820    8.5918157   0.0087766   0.000000      -0.000000    
 2.763235  5.480645  2.282667  7.767268  0.000000  0.000000  0.000  0.000    2.292122491973034  1.09840 -33.00000   3.7314695 -22.9730203    8.5931457   0.0087632   0.000000      -0.000000    
 2.746416  5.476772  2.282196  7.767388  0.000000  0.000000  0.000  0.000    2.292122532888247  1.09840 -33.00000   3.7294628 -22.8849001    8.5944741   0.0087498   0.000000      -0.000000    
 2.729095  5.472789  2.281646  7.767546  0.000000  0.000000  0.000  0.000    2.292122581986498  1.09840 -33.00000   3.7270888 -22.8210824    8.5958628   0.0087358   0.000000      -0.000000    
 2.712187  5.468905  2.281011  7.767710  0.000000  0.000000  0.000  0.000    2.292122638134608  1.09840 -33.00000   3.7243635 -22.7378313    8.5972354   0.0087220   0.000000      -0.000000    
 2.695139  5.464998  2.280267  7.767921  0.000000  0.000000  0.000  0.000    2.292122705512330  1.09840 -33.00000   3.7211332 -22.6904054    8.5986531   0.0087078   0.000000      -0.000000    
 2.678812  5.461263  2.279413  7.768145  0.000000  0.000000  0.000  0.000    2.292122782745832  1.09840 -33.00000   3.7174311 -22.6314737    8.6000428   0.0086939   0.000000      -0.000000    
 2.662709  5.457594  2.278413  7.768426  0.000000  0.000000  0.000  0.000    2.292122875426015  1.09840 -33.00000   3.7130443 -22.6019568    8.6014672   0.0086797   0.000000      -0.000000    
 2.647576  5.454159  2.277271  7.768730  0.000000  0.000000  0.000  0.000    2.292122981998100  1.09840 -33.00000   3.7080195 -22.5394393    8.6028623   0.0086657   0.000000      -0.000000    
 2.632918  5.450853  2.275935  7.769104  0.000000  0.000000  0.000  0.000    2.292123109884568  1.09840 -33.00000   3.7020813 -22.4938652    8.6042944   0.0086515   0.000000      -0.000000    
 2.619259  5.447793  2.274417  7.769515  0.000000  0.000000  0.000  0.000    2.292123257560050  1.09840 -33.00000   3.6952775 -22.4869163    8.6057142   0.0086373   0.000000      -0.000000    
 2.606067  5.444866  2.272648  7.770013  0.000000  0.000000  0.000  0.000    2.292123434770563  1.09840 -33.00000   3.6872563 -22.4734880    8.6071960   0.0086226   0.000000      -0.000000    
 2.593600  5.442126  2.270644  7.770564  0.000000  0.000000  0.000  0.000    2.292123640549498  1.09840 -33.00000   3.6780678 -22.4097245    8.6087074   0.0086076   0.000000      -0.000000    
 2.581281  5.439452  2.268325  7.771223  0.000000  0.000000  0.000  0.000    2.292123887484091  1.09840 -33.00000   3.6672768 -22.2405610    8.6103293   0.0085915   0.000000      -0.000000    
 2.569124  5.436842  2.265707  7.771958  0.000000  0.000000  0.000  0.000    2.292124176342613  1.09840 -33.00000   3.6549054 -22.1007960    8.6120458   0.0085746   0.000000      -0.000000    
 2.556533  5.434169  2.262705  7.772826  0.000000  0.000000  0.000  0.000    2.292124522972585  1.09840 -33.00000   3.6404613 -22.0266379    8.6139424   0.0085559   0.000000      -0.000000    
 2.543352  5.431393  2.259326  7.773798  0.000000  0.000000  0.000  0.000    2.292124932350030  1.09840 -33.00000   3.6238716 -21.9690741    8.6160202   0.0085354   0.000000      -0.000000    
 2.529041  5.428399  2.255499  7.774930  0.000000  0.000000  0.000  0.000    2.292125423602455  1.09840 -33.00000   3.6046545 -21.9038507    8.6183575   0.0085125   0.000000      -0.000000    
 2.513276  5.425113  2.251203  7.776202  0.000000  0.000000  0.000  0.000    2.292126010920394  1.09840 -33.00000   3.5825321 -21.7820925    8.6209781   0.0084869   0.000000      -0.000000    
 2.495671  5.421452  2.246410  7.777659  0.000000  0.000000  0.000  0.000    2.292126715700873  1.09840 -33.00000   3.5571563 -21.6620297    8.6239361   0.0084580   0.000000      -0.000000    
 2.475863  5.417330  2.241103  7.779283  0.000000  0.000000  0.000  0.000    2.292127561435937  1.09840 -33.00000   3.5281735 -21.5205143    8.6272589   0.0084257   0.000000      -0.000000    
 2.455752  5.413142  2.235843  7.780929  0.000000  0.000000  0.000  0.000    2.292128470446605  1.09840 -33.00000   3.4985903 -21.5340327    8.6306152   0.0083932   0.000000      -0.000000    
 2.435683  5.408952  2.230740  7.782532  0.000000  0.000000  0.000  0.000    2.292129424884035  1.09840 -33.00000   3.4690327 -21.4685614    8.6339253   0.0083613   0.000000      -0.000000    
 2.415629  5.404756  2.225790  7.784119  0.000000  0.000000  0.000  0.000    2.292130425949245  1.09840 -33.00000   3.4395597 -21.4542365    8.6371976   0.0083299   0.000000      -0.000000    
 2.395540  5.400543  2.220974  7.785664  0.000000  0.000000  0.000  0.000    2.292131476597303  1.09840 -33.00000   3.4101024 -21.4320335    8.6404318   0.0082989   0.000000      -0.000000    
 2.375416  5.396310  2.216290  7.787195  0.000000  0.000000  0.000  0.000    2.292132578330600  1.09840 -33.00000   3.3807167 -21.4151970    8.6436267   0.0082684   0.000000      -0.000000    
 2.355225  5.392051  2.211724  7.788685  0.000000  0.000000  0.000  0.000    2.292133734330967  1.09840 -33.00000   3.3513309 -21.4000156    8.6467821   0.0082384   0.000000      -0.000000    
 2.334984  5.387772  2.207273  7.790162  0.000000  0.000000  0.000  0.000    2.292134946316963  1.09840 -33.00000   3.3220013 -21.3873829    8.6499041   0.0082089   0.000000      -0.000000    
 2.314646  5.383457  2.202916  7.791584  0.000000  0.000000  0.000  0.000    2.292136217940462  1.09840 -33.00000   3.2926164 -21.3943500    8.6529829   0.0081798   0.000000      -0.000000    
 2.294245  5.379118  2.198659  7.792984  0.000000  0.000000  0.000  0.000    2.292137550411659  1.09840 -33.00000   3.2632696 -21.3386473    8.6560263   0.0081512   0.000000      -0.000000    
 2.273741  5.374743  2.194489  7.794339  0.000000  0.000000  0.000  0.000    2.292138948225840  1.09840 -33.00000   3.2338828 -21.3132986    8.6590332   0.0081231   0.000000      -0.000000    
 2.253145  5.370339  2.190407  7.795682  0.000000  0.000000  0.000  0.000    2.292140414000384  1.09840 -33.00000   3.2045104 -21.2986268    8.6620112   0.0080953   0.000000      -0.000000    
 2.232416  5.365893  2.186401  7.796986  0.000000  0.000000  0.000  0.000    2.292141952442537  1.09840 -33.00000   3.1750789 -21.2751614    8.6649566   0.0080679   0.000000      -0.000000    
 2.211569  5.361411  2.182472  7.798278  0.000000  0.000000  0.000  0.000    2.292143566204487  1.09840 -33.00000   3.1456399 -21.2488037    8.6678763   0.0080408   0.000000      -0.000000    
 2.190561  5.356881  2.178609  7.799533  0.000000  0.000000  0.000  0.000    2.292145260475093  1.09840 -33.00000   3.1161197 -21.2175875    8.6707655   0.0080141   0.000000      -0.000000    
 2.169400  5.352307  2.174815  7.800778  0.000000  0.000000  0.000  0.000    2.292147038177329  1.09840 -33.00000   3.0865766 -21.1871291    8.6736300   0.0079877   0.000000      -0.000000    
 2.148038  5.347675  2.171079  7.801985  0.000000  0.000000  0.000  0.000    2.292148905057382  1.09840 -33.00000   3.0569303 -21.1846184    8.6764628   0.0079617   0.000000      -0.000000    
 2.126496  5.342991  2.167402  7.803189  0.000000  0.000000  0.000  0.000    2.292150864357112  1.09840 -33.00000   3.0272333 -21.1837249    8.6792680   0.0079360   0.000000      -0.000000    
 2.104704  5.338233  2.163773  7.804353  0.000000  0.000000  0.000  0.000    2.292152922375449  1.09840 -33.00000   2.9973810 -21.1675684    8.6820277   0.0079108   0.000000      -0.000000    
 2.082704  5.333417  2.160201  7.805509  0.000000  0.000000  0.000  0.000    2.292155082033835  1.09840 -33.00000   2.9674890 -21.1717115    8.6847645   0.0078859   0.000000      -0.000000    
 2.060465  5.328537  2.156674  7.806634  0.000000  0.000000  0.000  0.000    2.292157352124523  1.09840 -33.00000   2.9374781 -21.1207089    8.6874826   0.0078613   0.000000      -0.000000    
 2.037970  5.323590  2.153196  7.807757  0.000000  0.000000  0.000  0.000    2.292159737822328  1.09840 -33.00000   2.9073980 -21.0867877    8.6901893   0.0078368   0.000000      -0.000000    
 2.015189  5.318567  2.149758  7.808849  0.000000  0.000000  0.000  0.000    2.292162247467718  1.09840 -33.00000   2.8771747 -21.0359684    8.6928796   0.0078126   0.000000      -0.000000    
 1.992108  5.313467  2.146363  7.809940  0.000000  0.000000  0.000  0.000    2.292164886246550  1.09840 -33.00000   2.8468665 -21.0062735    8.6955599   0.0077885   0.000000      -0.000000    
 1.968695  5.308280  2.143002  7.811002  0.000000  0.000000  0.000  0.000    2.292167663300406  1.09840 -33.00000   2.8164014 -20.9795803    8.6982246   0.0077647   0.000000      -0.000000    
 1.944958  5.303009  2.139681  7.812063  0.000000  0.000000  0.000  0.000    2.292170584172851  1.09840 -33.00000   2.7858414 -20.9454587    8.7008799   0.0077410   0.000000      -0.000000    
 1.920837  5.297639  2.136391  7.813094  0.000000  0.000000  0.000  0.000    2.292173658541222  1.09840 -33.00000   2.7551208 -20.9127452    8.7035196   0.0077175   0.000000      -0.000000    
 1.896360  5.292177  2.133138  7.814124  0.000000  0.000000  0.000  0.000    2.292176891756135  1.09840 -33.00000   2.7243111 -20.8637478    8.7061488   0.0076942   0.000000      -0.000000    
 1.871480  5.286610  2.129915  7.815125  0.000000  0.000000  0.000  0.000    2.292180293573840  1.09840 -33.00000   2.6933518 -20.8424349    8.7087603   0.0076711   0.000000      -0.000000    
 1.846220  5.280944  2.126729  7.816123  0.000000  0.000000  0.000  0.000    2.292183868617595  1.09840 -33.00000   2.6623241 -20.8174486    8.7113584   0.0076482   0.000000      -0.000000    
 1.820536  5.275167  2.123572  7.817088  0.000000  0.000000  0.000  0.000    2.292187625510319  1.09840 -33.00000   2.6311753 -20.7608019    8.7139329   0.0076255   0.000000      -0.000000    
 1.794436  5.269280  2.120450  7.818039  0.000000  0.000000  0.000  0.000    2.292191566267759  1.09840 -33.00000   2.5999880 -20.7477063    8.7164850   0.0076032   0.000000      -0.000000    
 1.767854  5.263265  2.117359  7.818951  0.000000  0.000000  0.000  0.000    2.292195697384801  1.09840 -33.00000   2.5687424 -20.7260395    8.7190083   0.0075811   0.000000      -0.000000    
 1.740787  5.257123  2.114309  7.819853  0.000000  0.000000  0.000  0.000    2.292200020613610  1.09840 -33.00000   2.5375340 -20.7129431    8.7215053   0.0075593   0.000000      -0.000000    
 1.713187  5.250838  2.111294  7.820714  0.000000  0.000000  0.000  0.000    2.292204542756257  1.09840 -33.00000   2.5063205 -20.6667928    8.7239651   0.0075380   0.000000      -0.000000    
 1.685127  5.244427  2.108320  7.821560  0.000000  0.000000  0.000  0.000    2.292209263950398  1.09840 -33.00000   2.4751864 -20.6237488    8.7263823   0.0075170   0.000000      -0.000000    
 1.656574  5.237876  2.105380  7.822357  0.000000  0.000000  0.000  0.000    2.292214190231532  1.09840 -33.00000   2.4440630 -20.5753443    8.7287329   0.0074967   0.000000      -0.000000    
 1.627699  5.231237  2.102489  7.823146  0.000000  0.000000  0.000  0.000    2.292219319430119  1.09840 -33.00000   2.4131403 -20.5701897    8.7310514   0.0074767   0.000000      -0.000000    
 1.598467  5.224500  2.099635  7.823902  0.000000  0.000000  0.000  0.000    2.292224668091686  1.09840 -33.00000   2.3823252 -20.5249281    8.7333351   0.0074571   0.000000      -0.000000    
 1.568942  5.217682  2.096827  7.824654  0.000000  0.000000  0.000  0.000    2.292230239478887  1.09840 -33.00000   2.3516914 -20.5394110    8.7355883   0.0074378   0.000000      -0.000000    
 1.539114  5.210779  2.094053  7.825374  0.000000  0.000000  0.000  0.000    2.292236044660816  1.09840 -33.00000   2.3211752 -20.5348013    8.7378037   0.0074188   0.000000      -0.000000    
 1.509048  5.203808  2.091322  7.826090  0.000000  0.000000  0.000  0.000    2.292242087004156  1.09840 -33.00000   2.2908490 -20.4996974    8.7399860   0.0074002   0.000000      -0.000000    
 1.478732  5.196765  2.088622  7.826775  0.000000  0.000000  0.000  0.000    2.292248379030638  1.09840 -33.00000   2.2606440 -20.4779427    8.7421276   0.0073820   0.000000      -0.000000    
 1.448228  5.189665  2.085963  7.827457  0.000000  0.000000  0.000  0.000    2.292254924817723  1.09840 -33.00000   2.2306296 -20.4688810    8.7442335   0.0073641   0.000000      -0.000000    
 1.417519  5.182504  2.083332  7.828107  0.000000  0.000000  0.000  0.000    2.292261738704261  1.09840 -33.00000   2.2007320 -20.4449737    8.7462960   0.0073466   0.000000      -0.000000    
 1.386666  5.175297  2.080738  7.828755  0.000000  0.000000  0.000  0.000    2.292268825741661  1.09840 -33.00000   2.1710185 -20.4152060    8.7483209   0.0073295   0.000000      -0.000000    
 1.355648  5.168037  2.078169  7.829372  0.000000  0.000000  0.000  0.000    2.292276202060779  1.09840 -33.00000   2.1414103 -20.3990299    8.7502998   0.0073128   0.000000      -0.000000    
 1.324517  5.160738  2.075634  7.829987  0.000000  0.000000  0.000  0.000    2.292283872930421  1.09840 -33.00000   2.1119725 -20.3728211    8.7522378   0.0072965   0.000000      -0.000000    
 1.293248  5.153393  2.073119  7.830569  0.000000  0.000000  0.000  0.000    2.292291855123962  1.09840 -33.00000   2.0826270 -20.3723970    8.7541252   0.0072807   0.000000      -0.000000    
 1.261897  5.146014  2.070635  7.831146  0.000000  0.000000  0.000  0.000    2.292300153761747  1.09840 -33.00000   2.0534287 -20.3589633    8.7559616   0.0072653   0.000000      -0.000000    
 1.230441  5.138593  2.068166  7.831685  0.000000  0.000000  0.000  0.000    2.292308783851531  1.09840 -33.00000   2.0242964 -20.3533983    8.7577309   0.0072505   0.000000      -0.000000    
 1.198997  5.131166  2.065732  7.832227  0.000000  0.000000  0.000  0.000    2.292317746965363  1.09840 -33.00000   1.9953788 -20.3419697    8.7594686   0.0072361   0.000000      -0.000000    
 1.167503  5.123718  2.063315  7.832743  0.000000  0.000000  0.000  0.000    2.292327075981326  1.09840 -33.00000   1.9665604 -20.3314201    8.7611708   0.0072219   0.000000      -0.000000    
 1.136017  5.116265  2.060926  7.833263  0.000000  0.000000  0.000  0.000    2.292336777701688  1.09840 -33.00000   1.9379096 -20.3224784    8.7628439   0.0072080   0.000000      -0.000000    
 1.104511  5.108798  2.058552  7.833758  0.000000  0.000000  0.000  0.000    2.292346872406362  1.09840 -33.00000   1.9093568 -20.3202430    8.7644811   0.0071944   0.000000      -0.000000    
 1.073033  5.101330  2.056206  7.834258  0.000000  0.000000  0.000  0.000    2.292357366076733  1.09840 -33.00000   1.8809725 -20.2960750    8.7660889   0.0071811   0.000000      -0.000000    
 1.041571  5.093857  2.053872  7.834732  0.000000  0.000000  0.000  0.000    2.292368279781947  1.09840 -33.00000   1.8526875 -20.2842856    8.7676603   0.0071681   0.000000      -0.000000    
 1.010174  5.086394  2.051564  7.835208  0.000000  0.000000  0.000  0.000    2.292379618824454  1.09840 -33.00000   1.8245679 -20.2784977    8.7692008   0.0071554   0.000000      -0.000000    
 0.978806  5.078927  2.049266  7.835655  0.000000  0.000000  0.000  0.000    2.292391403730092  1.09840 -33.00000   1.7965438 -20.2755442    8.7707015   0.0071431   0.000000      -0.000000    
 0.947531  5.071475  2.046994  7.836105  0.000000  0.000000  0.000  0.000    2.292403638958073  1.09840 -33.00000   1.7686926 -20.2661735    8.7721697   0.0071310   0.000000      -0.000000    
 0.916340  5.064034  2.044730  7.836528  0.000000  0.000000  0.000  0.000    2.292416349452870  1.09840 -33.00000   1.7409385 -20.2544954    8.7735965   0.0071193   0.000000      -0.000000    
 0.885297  5.056621  2.042491  7.836952  0.000000  0.000000  0.000  0.000    2.292429541734182  1.09840 -33.00000   1.7133473 -20.2305620    8.7749873   0.0071079   0.000000      -0.000000    
 0.854314  5.049209  2.040257  7.837345  0.000000  0.000000  0.000  0.000    2.292443241112490  1.09840 -33.00000   1.6858276 -20.2239755    8.7763238   0.0070970   0.000000      -0.000000    
 0.823544  5.041841  2.038048  7.837740  0.000000  0.000000  0.000  0.000    2.292457444128071  1.09840 -33.00000   1.6584890 -20.2042296    8.7776213   0.0070864   0.000000      -0.000000    
 0.792844  5.034483  2.035847  7.838112  0.000000  0.000000  0.000  0.000    2.292472189290783  1.09840 -33.00000   1.6312660 -20.1878239    8.7788896   0.0070761   0.000000      -0.000000    
 0.762194  5.027133  2.033667  7.838491  0.000000  0.000000  0.000  0.000    2.292487501246152  1.09840 -33.00000   1.6041990 -20.1716511    8.7801389   0.0070659   0.000000      -0.000000    
 0.731560  5.019780  2.031491  7.838849  0.000000  0.000000  0.000  0.000    2.292503415467654  1.09840 -33.00000   1.5772093 -20.1677318    8.7813612   0.0070560   0.000000      -0.000000    
 0.700987  5.012437  2.029334  7.839214  0.000000  0.000000  0.000  0.000    2.292519945598974  1.09840 -33.00000   1.5503602 -20.1574747    8.7825640   0.0070462   0.000000      -0.000000    
 0.670442  5.005095  2.027178  7.839557  0.000000  0.000000  0.000  0.000    2.292537130723852  1.09840 -33.00000   1.5235728 -20.1326784    8.7837402   0.0070367   0.000000      -0.000000    
 0.639967  4.997766  2.025041  7.839909  0.000000  0.000000  0.000  0.000    2.292554987188529  1.09840 -33.00000   1.4969096 -20.1179910    8.7848970   0.0070273   0.000000      -0.000000    
 0.609521  4.990437  2.022900  7.840238  0.000000  0.000000  0.000  0.000    2.292573559041952  1.09840 -33.00000   1.4702893 -20.0977499    8.7860265   0.0070182   0.000000      -0.000000    
 0.579154  4.983122  2.020776  7.840576  0.000000  0.000000  0.000  0.000    2.292592864969236  1.09840 -33.00000   1.4437747 -20.0987363    8.7871358   0.0070092   0.000000      -0.000000    
 0.548829  4.975811  2.018646  7.840892  0.000000  0.000000  0.000  0.000    2.292612953539622  1.09840 -33.00000   1.4172831 -20.0842366    8.7882162   0.0070005   0.000000      -0.000000    
 0.518591  4.968515  2.016530  7.841215  0.000000  0.000000  0.000  0.000    2.292633845049612  1.09840 -33.00000   1.3908756 -20.0795535    8.7892722   0.0069920   0.000000      -0.000000    
 0.488393  4.961220  2.014405  7.841512  0.000000  0.000000  0.000  0.000    2.292655590208427  1.09840 -33.00000   1.3644604 -20.0663645    8.7902879   0.0069838   0.000000      -0.000000    
 0.458320  4.953949  2.012293  7.841816  0.000000  0.000000  0.000  0.000    2.292678199300382  1.09840 -33.00000   1.3381300 -20.0622116    8.7912769   0.0069759   0.000000      -0.000000    
 0.428358  4.946701  2.010172  7.842101  0.000000  0.000000  0.000  0.000    2.292701738579963  1.09840 -33.00000   1.3118173 -20.0557872    8.7922450   0.0069681   0.000000      -0.000000    
 0.398528  4.939482  2.008062  7.842397  0.000000  0.000000  0.000  0.000    2.292726257521756  1.09840 -33.00000   1.2855636 -20.0452711    8.7932003   0.0069604   0.000000      -0.000000    
 0.368807  4.932285  2.005939  7.842675  0.000000  0.000000  0.000  0.000    2.292751823613244  1.09840 -33.00000   1.2592878 -20.0354420    8.7941352   0.0069529   0.000000      -0.000000    
 0.339239  4.925124  2.003824  7.842963  0.000000  0.000000  0.000  0.000    2.292778470814026  1.09840 -33.00000   1.2330545 -20.0251146    8.7950569   0.0069456   0.000000      -0.000000    
 0.309791  4.917987  2.001693  7.843232  0.000000  0.000000  0.000  0.000    2.292806276466253  1.09840 -33.00000   1.2067810 -20.0165815    8.7959580   0.0069384   0.000000      -0.000000    
 0.280513  4.910890  1.999568  7.843513  0.000000  0.000000  0.000  0.000    2.292835282115357  1.09840 -33.00000   1.1805303 -20.0074674    8.7968458   0.0069313   0.000000      -0.000000    
 0.251367  4.903820  1.997425  7.843775  0.000000  0.000000  0.000  0.000    2.292865576192428  1.09840 -33.00000   1.1542174 -19.9885935    8.7977120   0.0069244   0.000000      -0.000000    
 0.222406  4.896792  1.995284  7.844048  0.000000  0.000000  0.000  0.000    2.292897207830216  1.09840 -33.00000   1.1279046 -19.9762155    8.7985640   0.0069176   0.000000      -0.000000    
 0.193602  4.889798  1.993122  7.844302  0.000000  0.000000  0.000  0.000    2.292930277760334  1.09840 -33.00000   1.1015052 -19.9766636    8.7993931   0.0069110   0.000000      -0.000000    
 0.164998  4.882850  1.990959  7.844567  0.000000  0.000000  0.000  0.000    2.292964843215854  1.09840 -33.00000   1.0750798 -19.9734678    8.8002046   0.0069045   0.000000      -0.000000    
 0.136542  4.875931  1.988769  7.844810  0.000000  0.000000  0.000  0.000    2.293001014849106  1.09840 -33.00000   1.0485330 -19.9672060    8.8009834   0.0068983   0.000000      -0.000000    
 0.108333  4.869069  1.986578  7.845063  0.000000  0.000000  0.000  0.000    2.293038837971442  1.09840 -33.00000   1.0219565 -19.9500911    8.8017447   0.0068923   0.000000      -0.000000    
 0.080358  4.862262  1.984359  7.845299  0.000000  0.000000  0.000  0.000    2.293078460481448  1.09840 -33.00000   0.9952654 -19.9336747    8.8024890   0.0068864   0.000000      -0.000000    
 0.052617  4.855510  1.982135  7.845549  0.000000  0.000000  0.000  0.000    2.293119995994465  1.09840 -33.00000   0.9685024 -19.9268676    8.8032251   0.0068806   0.000000      -0.000000    
 0.025124  4.848817  1.979876  7.845783  0.000000  0.000000  0.000  0.000    2.293163604729872  1.09840 -33.00000   0.9415760 -19.9205847    8.8039447   0.0068749   0.000000      -0.000000    
-0.002123  4.842183  1.977607  7.846030  0.000000  0.000000  0.000  0.000    2.293209396420909  1.09840 -33.00000   0.9145423 -19.9132404    8.8046556   0.0068692   0.000000      -0.000000    
-0.029121  4.835607  1.975298  7.846259  0.000000  0.000000  0.000  0.000    2.293257561252685  1.09840 -33.00000   0.8873010 -19.9056530    8.8053491   0.0068638   0.000000      -0.000000    
-0.055832  4.829100  1.972974  7.846500  0.000000  0.000000  0.000  0.000    2.293308232097276  1.09840 -33.00000   0.8599133 -19.8887108    8.8060336   0.0068583   0.000000      -0.000000    
-0.082320  4.822645  1.970604  7.846724  0.000000  0.000000  0.000  0.000    2.293361642180356  1.09840 -33.00000   0.8322794 -19.8824350    8.8067006   0.0068531   0.000000      -0.000000    
-0.108558  4.816250  1.968213  7.846961  0.000000  0.000000  0.000  0.000    2.293417965888839  1.09840 -33.00000   0.8044520 -19.8677414    8.8073574   0.0068479   0.000000      -0.000000    
-0.134564  4.809908  1.965769  7.847182  0.000000  0.000000  0.000  0.000    2.293477485414039  1.09840 -33.00000   0.7763260 -19.8726009    8.8079958   0.0068429   0.000000      -0.000000    
-0.160312  4.803627  1.963296  7.847414  0.000000  0.000000  0.000  0.000    2.293540423773564  1.09840 -33.00000   0.7479485 -19.8612952    8.8086224   0.0068379   0.000000      -0.000000    
-0.185800  4.797407  1.960762  7.847629  0.000000  0.000000  0.000  0.000    2.293607126574661  1.09840 -33.00000   0.7192062 -19.8474211    8.8092276   0.0068332   0.000000      -0.000000    
-0.211041  4.791243  1.958190  7.847854  0.000000  0.000000  0.000  0.000    2.293677849845697  1.09840 -33.00000   0.6901489 -19.8443990    8.8098151   0.0068286   0.000000      -0.000000    
-0.236012  4.785144  1.955551  7.848065  0.000000  0.000000  0.000  0.000    2.293753013542308  1.09840 -33.00000   0.6606892 -19.8318824    8.8103886   0.0068240   0.000000      -0.000000    
-0.260707  4.779113  1.952863  7.848291  0.000000  0.000000  0.000  0.000    2.293833080894725  1.09840 -33.00000   0.6308334 -19.8254241    8.8109582   0.0068196   0.000000      -0.000000    
-0.285173  4.773135  1.950092  7.848503  0.000000  0.000000  0.000  0.000    2.293918635617781  1.09840 -33.00000   0.6004500 -19.8201616    8.8115140   0.0068152   0.000000      -0.000000    
-0.309364  4.767225  1.947258  7.848732  0.000000  0.000000  0.000  0.000    2.294010203738903  1.09840 -33.00000   0.5695667 -19.8040385    8.8120660   0.0068109   0.000000      -0.000000    
-0.333337  4.761367  1.944325  7.848947  0.000000  0.000000  0.000  0.000    2.294108545733913  1.09840 -33.00000   0.5380404 -19.7859819    8.8126049   0.0068067   0.000000      -0.000000    
-0.357028  4.755578  1.941312  7.849179  0.000000  0.000000  0.000  0.000    2.294214386876039  1.09840 -33.00000   0.5058866 -19.7747247    8.8131409   0.0068025   0.000000      -0.000000    
-0.380500  4.749841  1.938180  7.849398  0.000000  0.000000  0.000  0.000    2.294328740711018  1.09840 -33.00000   0.4729484 -19.7597316    8.8136635   0.0067984   0.000000      -0.000000    
-0.403714  4.744167  1.934945  7.849635  0.000000  0.000000  0.000  0.000    2.294452616258069  1.09840 -33.00000   0.4392259 -19.7339053    8.8141822   0.0067943   0.000000      -0.000000    
-0.426677  4.738553  1.931566  7.849861  0.000000  0.000000  0.000  0.000    2.294587399101570  1.09840 -33.00000   0.4045449 -19.7216442    8.8146908   0.0067903   0.000000      -0.000000    
-0.449379  4.733004  1.928055  7.850104  0.000000  0.000000  0.000  0.000    2.294734519601364  1.09840 -33.00000   0.3688860 -19.6978129    8.8151940   0.0067864   0.000000      -0.000000    
-0.471851  4.727508  1.924365  7.850338  0.000000  0.000000  0.000  0.000    2.294895976997706  1.09840 -33.00000   0.3320387 -19.6830222    8.8156855   0.0067826   0.000000      -0.000000    
-0.494010  4.722091  1.920507  7.850590  0.000000  0.000000  0.000  0.000    2.295073763669356  1.09840 -33.00000   0.2939791 -19.6729053    8.8161751   0.0067787   0.000000      -0.000000    
-0.515921  4.716732  1.916428  7.850832  0.000000  0.000000  0.000  0.000    2.295270622679087  1.09840 -33.00000   0.2544854 -19.6536390    8.8166512   0.0067750   0.000000      -0.000000    
-0.537521  4.711451  1.912130  7.851095  0.000000  0.000000  0.000  0.000    2.295489647541288  1.09840 -33.00000   0.2134806 -19.6264047    8.8171244   0.0067713   0.000000      -0.000000    
-0.558811  4.706244  1.907553  7.851349  0.000000  0.000000  0.000  0.000    2.295735012870189  1.09840 -33.00000   0.1706900 -19.6036572    8.8175894   0.0067677   0.000000      -0.000000    
-0.579766  4.701122  1.902686  7.851625  0.000000  0.000000  0.000  0.000    2.296011492447000  1.09840 -33.00000   0.1259966 -19.5795805    8.8180542   0.0067641   0.000000      -0.000000    
-0.600430  4.696061  1.897458  7.851896  0.000000  0.000000  0.000  0.000    2.296325512063658  1.09840 -33.00000   0.0790736 -19.5734399    8.8184752   0.0067608   0.000000      -0.000000    
-0.620732  4.691102  1.891844  7.852193  0.000000  0.000000  0.000  0.000    2.296684642647249  1.09840 -33.00000   0.0297508 -19.5501818    8.8189391   0.0067572   0.000000      -0.000000    
-0.640624  4.686242  1.885776  7.852487  0.000000  0.000000  0.000  0.000    2.297097525898370  1.09840 -33.00000  -0.0221838 -19.5475437    8.8193915   0.0067537   0.000000      -0.000000    
-0.660207  4.681460  1.879173  7.852812  0.000000  0.000000  0.000  0.000    2.297579105619776  1.09840 -33.00000  -0.0772850 -19.5154308    8.8198484   0.0067501   0.000000      -0.000000    
-0.679129  4.676841  1.872078  7.853133  0.000000  0.000000  0.000  0.000    2.298133305350684  1.09840 -33.00000  -0.1347885 -19.4936250    8.8202940   0.0067467   0.000000      -0.000000    
-0.697949  4.672251  1.864209  7.853494  0.000000  0.000000  0.000  0.000    2.298797412858710  1.09840 -33.00000  -0.1967452 -19.4788345    8.8207526   0.0067431   0.000000      -0.000000    
-0.715405  4.667995  1.856089  7.853838  0.000000  0.000000  0.000  0.000    2.299535927898472  1.09840 -33.00000  -0.2587894 -19.4571137    8.8211844   0.0067398   0.000000      -0.000000    
-0.731271  4.664130  1.847976  7.854187  0.000000  0.000000  0.000  0.000    2.300331875675629  1.09840 -33.00000  -0.3191780 -19.4336672    8.8215904   0.0067366   0.000000      -0.000000    
-0.745885  4.660571  1.839835  7.854512  0.000000  0.000000  0.000  0.000    2.301190382466196  1.09840 -33.00000  -0.3782767 -19.4107341    8.8219681   0.0067337   0.000000      -0.000000    
-0.759464  4.657266  1.831708  7.854844  0.000000  0.000000  0.000  0.000    2.302113037772553  1.09840 -33.00000  -0.4360911 -19.3928731    8.8223299   0.0067309   0.000000      -0.000000    
-0.772286  4.654146  1.823558  7.855154  0.000000  0.000000  0.000  0.000    2.303106235653974  1.09840 -33.00000  -0.4930310 -19.3814368    8.8226722   0.0067282   0.000000      -0.000000    
-0.784481  4.651181  1.815426  7.855473  0.000000  0.000000  0.000  0.000    2.304172200421820  1.09840 -33.00000  -0.5491371 -19.3529348    8.8230077   0.0067256   0.000000      -0.000000    
-0.796329  4.648300  1.807274  7.855772  0.000000  0.000000  0.000  0.000    2.305318552589136  1.09840 -33.00000  -0.6048244 -19.3266951    8.8233286   0.0067231   0.000000      -0.000000    
-0.807873  4.645493  1.799141  7.856080  0.000000  0.000000  0.000  0.000    2.306548137191138  1.09840 -33.00000  -0.6601390 -19.3222787    8.8236467   0.0067207   0.000000      -0.000000    
-0.819297  4.642715  1.790989  7.856371  0.000000  0.000000  0.000  0.000    2.307869744581835  1.09840 -33.00000  -0.7154802 -19.2980167    8.8239567   0.0067183   0.000000      -0.000000    
-0.830660  4.639952  1.782854  7.856674  0.000000  0.000000  0.000  0.000    2.309286680909152  1.09840 -33.00000  -0.7708801 -19.2794448    8.8242704   0.0067158   0.000000      -0.000000    
-0.842137  4.637159  1.774699  7.856960  0.000000  0.000000  0.000  0.000    2.310808676139869  1.09840 -33.00000  -0.8267068 -19.2568658    8.8245760   0.0067135   0.000000      -0.000000    
-0.853697  4.634347  1.766556  7.857261  0.000000  0.000000  0.000  0.000    2.312438918219310  1.09840 -33.00000  -0.8829559 -19.2460919    8.8248877   0.0067111   0.000000      -0.000000    
-0.865465  4.631483  1.758390  7.857545  0.000000  0.000000  0.000  0.000    2.314187535449117  1.09840 -33.00000  -0.9399540 -19.2233974    8.8251967   0.0067087   0.000000      -0.000000    
-0.877485  4.628556  1.750232  7.857844  0.000000  0.000000  0.000  0.000    2.316057074777689  1.09840 -33.00000  -0.9976493 -19.2122715    8.8255109   0.0067063   0.000000      -0.000000    
-0.889765  4.625565  1.742046  7.858127  0.000000  0.000000  0.000  0.000    2.318057524358789  1.09840 -33.00000  -1.0563235 -19.1967232    8.8258238   0.0067038   0.000000      -0.000000    
-0.902356  4.622496  1.733865  7.858423  0.000000  0.000000  0.000  0.000    2.320190118590709  1.09840 -33.00000  -1.1158789 -19.1793623    8.8261424   0.0067014   0.000000      -0.000000    
-0.915303  4.619338  1.725652  7.858704  0.000000  0.000000  0.000  0.000    2.322464080655803  1.09840 -33.00000  -1.1765451 -19.1630100    8.8264575   0.0066990   0.000000      -0.000000    
-0.928560  4.616105  1.717440  7.858997  0.000000  0.000000  0.000  0.000    2.324878754174562  1.09840 -33.00000  -1.2381839 -19.1594618    8.8267804   0.0066965   0.000000      -0.000000    
-0.942203  4.612774  1.709193  7.859274  0.000000  0.000000  0.000  0.000    2.327442110996504  1.09840 -33.00000  -1.3009845 -19.1540149    8.8271008   0.0066940   0.000000      -0.000000    
-0.956190  4.609358  1.700944  7.859563  0.000000  0.000000  0.000  0.000    2.330151198194635  1.09840 -33.00000  -1.3647628 -19.1523756    8.8274248   0.0066915   0.000000      -0.000000    
-0.970538  4.605852  1.692660  7.859834  0.000000  0.000000  0.000  0.000    2.333012543482451  1.09840 -33.00000  -1.4296772 -19.1351431    8.8277482   0.0066890   0.000000      -0.000000    
-0.985202  4.602269  1.684374  7.860120  0.000000  0.000000  0.000  0.000    2.336021098791242  1.09840 -33.00000  -1.4955230 -19.1268981    8.8280771   0.0066865   0.000000      -0.000000    
-1.000260  4.598586  1.676052  7.860389  0.000000  0.000000  0.000  0.000    2.339182243741564  1.09840 -33.00000  -1.5624336 -19.1301516    8.8284036   0.0066840   0.000000      -0.000000    
-1.015604  4.594833  1.667726  7.860672  0.000000  0.000000  0.000  0.000    2.342488657116568  1.09840 -33.00000  -1.6301846 -19.1238036    8.8287356   0.0066814   0.000000      -0.000000    
-1.031305  4.590989  1.659367  7.860937  0.000000  0.000000  0.000  0.000    2.345944457718321  1.09840 -33.00000  -1.6988929 -19.1139858    8.8290634   0.0066789   0.000000      -0.000000    
-1.047282  4.587079  1.651006  7.861216  0.000000  0.000000  0.000  0.000    2.349540715582984  1.09840 -33.00000  -1.7683173 -19.1059595    8.8293972   0.0066763   0.000000      -0.000000    
-1.063547  4.583095  1.642612  7.861477  0.000000  0.000000  0.000  0.000    2.353280930995243  1.09840 -33.00000  -1.8385782 -19.0951434    8.8297265   0.0066738   0.000000      -0.000000    
-1.080066  4.579048  1.634218  7.861750  0.000000  0.000000  0.000  0.000    2.357154759111347  1.09840 -33.00000  -1.9094198 -19.0932663    8.8300576   0.0066713   0.000000      -0.000000    
-1.096857  4.574932  1.625793  7.862005  0.000000  0.000000  0.000  0.000    2.361165259156446  1.09840 -33.00000  -1.9809545 -19.0878003    8.8303850   0.0066687   0.000000      -0.000000    
-1.113842  4.570768  1.617368  7.862271  0.000000  0.000000  0.000  0.000    2.365301255766487  1.09840 -33.00000  -2.0529328 -19.0771976    8.8307143   0.0066662   0.000000      -0.000000    
-1.131062  4.566544  1.608916  7.862518  0.000000  0.000000  0.000  0.000    2.369565792538979  1.09840 -33.00000  -2.1254626 -19.0759633    8.8310370   0.0066637   0.000000      -0.000000    
-1.148459  4.562275  1.600467  7.862775  0.000000  0.000000  0.000  0.000    2.373947229615634  1.09840 -33.00000  -2.1982904 -19.0645294    8.8313611   0.0066612   0.000000      -0.000000    
-1.166051  4.557957  1.591993  7.863012  0.000000  0.000000  0.000  0.000    2.378449051821600  1.09840 -33.00000  -2.2715240 -19.0620717    8.8316787   0.0066588   0.000000      -0.000000    
-1.183773  4.553606  1.583524  7.863262  0.000000  0.000000  0.000  0.000    2.383059970362633  1.09840 -33.00000  -2.3449241 -19.0612425    8.8319984   0.0066564   0.000000      -0.000000    
-1.201668  4.549211  1.575033  7.863493  0.000000  0.000000  0.000  0.000    2.387784463561430  1.09840 -33.00000  -2.4186103 -19.0603751    8.8323112   0.0066540   0.000000      -0.000000    
-1.219654  4.544793  1.566548  7.863736  0.000000  0.000000  0.000  0.000    2.392611055073615  1.09840 -33.00000  -2.4923478 -19.0460958    8.8326253   0.0066516   0.000000      -0.000000    
-1.237799  4.540333  1.558042  7.863961  0.000000  0.000000  0.000  0.000    2.397544618159424  1.09840 -33.00000  -2.5662530 -19.0363547    8.8329320   0.0066492   0.000000      -0.000000    
-1.256001  4.535859  1.549544  7.864198  0.000000  0.000000  0.000  0.000    2.402573906020960  1.09840 -33.00000  -2.6401015 -19.0283730    8.8332399   0.0066469   0.000000      -0.000000    
-1.274319  4.531355  1.541026  7.864416  0.000000  0.000000  0.000  0.000    2.407704484197830  1.09840 -33.00000  -2.7140181 -19.0217053    8.8335403   0.0066446   0.000000      -0.000000    
-1.292685  4.526839  1.532518  7.864645  0.000000  0.000000  0.000  0.000    2.412925313633191  1.09840 -33.00000  -2.7877839 -19.0158764    8.8338423   0.0066422   0.000000      -0.000000    
-1.311149  4.522296  1.523991  7.864855  0.000000  0.000000  0.000  0.000    2.418242606361209  1.09840 -33.00000  -2.8615216 -19.0148714    8.8341356   0.0066400   0.000000      -0.000000    
-1.329657  4.517743  1.515475  7.865077  0.000000  0.000000  0.000  0.000    2.423645481827152  1.09840 -33.00000  -2.9350109 -19.0071619    8.8344293   0.0066378   0.000000      -0.000000    
-1.348204  4.513177  1.506941  7.865279  0.000000  0.000000  0.000  0.000    2.429140755681369  1.09840 -33.00000  -3.0084084 -18.9967450    8.8347148   0.0066356   0.000000      -0.000000    
-1.366809  4.508597  1.498418  7.865491  0.000000  0.000000  0.000  0.000    2.434717586673236  1.09840 -33.00000  -3.0814746 -18.9951581    8.8350001   0.0066334   0.000000      -0.000000    
-1.385468  4.504002  1.489880  7.865684  0.000000  0.000000  0.000  0.000    2.440383334308961  1.09840 -33.00000  -3.1543461 -18.9882102    8.8352775   0.0066313   0.000000      -0.000000    
-1.404131  4.499406  1.481354  7.865889  0.000000  0.000000  0.000  0.000    2.446127871559312  1.09840 -33.00000  -3.2268273 -18.9828498    8.8355564   0.0066292   0.000000      -0.000000    
-1.422861  4.494791  1.472812  7.866076  0.000000  0.000000  0.000  0.000    2.451959352042987  1.09840 -33.00000  -3.2990515 -18.9755172    8.8358267   0.0066271   0.000000      -0.000000    
-1.441549  4.490187  1.464282  7.866275  0.000000  0.000000  0.000  0.000    2.457867281118315  1.09840 -33.00000  -3.3708402 -18.9738489    8.8360977   0.0066250   0.000000      -0.000000    
-1.460298  4.485566  1.455737  7.866456  0.000000  0.000000  0.000  0.000    2.463859991396880  1.09840 -33.00000  -3.4423160 -18.9719532    8.8363606   0.0066230   0.000000      -0.000000    
-1.479043  4.480945  1.447205  7.866649  0.000000  0.000000  0.000  0.000    2.469926922781501  1.09840 -33.00000  -3.5132868 -18.9687553    8.8366241   0.0066210   0.000000      -0.000000    
-1.497873  4.476301  1.438658  7.866823  0.000000  0.000000  0.000  0.000    2.476076771648861  1.09840 -33.00000  -3.5838708 -18.9573754    8.8368793   0.0066191   0.000000      -0.000000    
-1.516664  4.471667  1.430124  7.867010  0.000000  0.000000  0.000  0.000    2.482299112509700  1.09840 -33.00000  -3.6539028 -18.9541551    8.8371350   0.0066171   0.000000      -0.000000    
-1.535480  4.467026  1.421576  7.867178  0.000000  0.000000  0.000  0.000    2.488603088019750  1.09840 -33.00000  -3.7235296 -18.9489226    8.8373835   0.0066152   0.000000      -0.000000    
-1.554292  4.462385  1.413041  7.867358  0.000000  0.000000  0.000  0.000    2.494978150481574  1.09840 -33.00000  -3.7925665 -18.9414300    8.8376317   0.0066133   0.000000      -0.000000    
-1.573150  4.457730  1.404491  7.867519  0.000000  0.000000  0.000  0.000    2.501433546820902  1.09840 -33.00000  -3.8611533 -18.9369642    8.8378722   0.0066115   0.000000      -0.000000    
-1.592018  4.453074  1.395955  7.867691  0.000000  0.000000  0.000  0.000    2.507958621856491  1.09840 -33.00000  -3.9291037 -18.9310906    8.8381133   0.0066097   0.000000      -0.000000    
-1.610917  4.448407  1.387406  7.867845  0.000000  0.000000  0.000  0.000    2.514563068972646  1.09840 -33.00000  -3.9965687 -18.9280540    8.8383468   0.0066079   0.000000      -0.000000    
-1.629813  4.443742  1.378871  7.868012  0.000000  0.000000  0.000  0.000    2.521236846562398  1.09840 -33.00000  -4.0633851 -18.9231579    8.8385824   0.0066061   0.000000      -0.000000    
-1.648764  4.439062  1.370323  7.868160  0.000000  0.000000  0.000  0.000    2.527989988668876  1.09840 -33.00000  -4.1297021 -18.9216262    8.8388112   0.0066044   0.000000      -0.000000    
-1.667706  4.434384  1.361787  7.868322  0.000000  0.000000  0.000  0.000    2.534812067183104  1.09840 -33.00000  -4.1953666 -18.9164408    8.8390430   0.0066026   0.000000      -0.000000    
-1.686699  4.429693  1.353240  7.868466  0.000000  0.000000  0.000  0.000    2.541713254378531  1.09840 -33.00000  -4.2605265 -18.9145293    8.8392707   0.0066009   0.000000      -0.000000    
-1.705670  4.425009  1.344706  7.868622  0.000000  0.000000  0.000  0.000    2.548683108335900  1.09840 -33.00000  -4.3250427 -18.9079554    8.8395065   0.0065991   0.000000      -0.000000    
-1.724673  4.420317  1.336159  7.868761  0.000000  0.000000  0.000  0.000    2.555732014353340  1.09840 -33.00000  -4.3890712 -18.9054436    8.8397401   0.0065973   0.000000      -0.000000    
-1.743674  4.415625  1.327625  7.868912  0.000000  0.000000  0.000  0.000    2.562849364235361  1.09840 -33.00000  -4.4524663 -18.9073897    8.8399770   0.0065955   0.000000      -0.000000    
-1.762699  4.410926  1.319079  7.869046  0.000000  0.000000  0.000  0.000    2.570045597473565  1.09840 -33.00000  -4.5153848 -18.9037113    8.8402054   0.0065938   0.000000      -0.000000    
-1.781723  4.406227  1.310546  7.869192  0.000000  0.000000  0.000  0.000    2.577309827695745  1.09840 -33.00000  -4.5776806 -18.9027818    8.8404335   0.0065920   0.000000      -0.000000    
-1.800780  4.401518  1.302001  7.869319  0.000000  0.000000  0.000  0.000    2.584652541755085  1.09840 -33.00000  -4.6395082 -18.9048627    8.8406529   0.0065904   0.000000      -0.000000    
-1.819849  4.396806  1.293469  7.869459  0.000000  0.000000  0.000  0.000    2.592062738369952  1.09840 -33.00000  -4.7007239 -18.9021461    8.8408734   0.0065887   0.000000      -0.000000    
-1.838940  4.392086  1.284925  7.869582  0.000000  0.000000  0.000  0.000    2.599551296416469  1.09840 -33.00000  -4.7614920 -18.8991020    8.8410868   0.0065871   0.000000      -0.000000    
-1.858032  4.387367  1.276394  7.869718  0.000000  0.000000  0.000  0.000    2.607107503384003  1.09840 -33.00000  -4.8216791 -18.8989744    8.8413022   0.0065854   0.000000      -0.000000    
-1.871852  4.383950  1.270226  7.869801  0.000000  0.000000  0.000  0.000    2.612591039370343  1.09840 -33.00000  -4.8648678 -18.8997714    8.8414521   0.0065843   0.000000      -0.000000    
-1.879622  4.382029  1.266761  7.869860  0.000000  0.000000  0.000  0.000    2.615680250755968  1.09840 -33.00000  -4.8890368 -18.8989930    8.8415392   0.0065836   0.000000      -0.000000    
-1.885845  4.380490  1.263981  7.869892  0.000000  0.000000  0.000  0.000    2.618158029204141  1.09840 -33.00000  -4.9083434 -18.8986697    8.8416048   0.0065831   0.000000      -0.000000    
-1.892157  4.378929  1.261170  7.869941  0.000000  0.000000  0.000  0.000    2.620679542298210  1.09840 -33.00000  -4.9278495 -18.8993532    8.8416757   0.0065826   0.000000      -0.000000    
-1.898600  4.377336  1.258298  7.869975  0.000000  0.000000  0.000  0.000    2.623256272008959  1.09840 -33.00000  -4.9476904 -18.8988488    8.8417426   0.0065821   0.000000      -0.000000    
-1.905124  4.375723  1.255391  7.870024  0.000000  0.000000  0.000  0.000    2.625881217867198  1.09840 -33.00000  -4.9677560 -18.8968982    8.8418152   0.0065816   0.000000      -0.000000    
-1.911801  4.374070  1.252421  7.870059  0.000000  0.000000  0.000  0.000    2.628564242752405  1.09840 -33.00000  -4.9881669 -18.8973783    8.8418840   0.0065810   0.000000      -0.000000    
-1.918521  4.372409  1.249428  7.870109  0.000000  0.000000  0.000  0.000    2.631284564893879  1.09840 -33.00000  -5.0087114 -18.8979880    8.8419580   0.0065805   0.000000      -0.000000    
-1.925449  4.370695  1.246346  7.870144  0.000000  0.000000  0.000  0.000    2.634088969295310  1.09840 -33.00000  -5.0297843 -18.8987127    8.8420287   0.0065799   0.000000      -0.000000    
-1.932438  4.368966  1.243240  7.870196  0.000000  0.000000  0.000  0.000    2.636931786928163  1.09840 -33.00000  -5.0509876 -18.8996799    8.8421048   0.0065794   0.000000      -0.000000    
-1.939546  4.367208  1.240074  7.870232  0.000000  0.000000  0.000  0.000    2.639832159010761  1.09840 -33.00000  -5.0725115 -18.8991485    8.8421773   0.0065788   0.000000      -0.000000    
-1.946771  4.365421  1.236871  7.870284  0.000000  0.000000  0.000  0.000    2.642784343088576  1.09840 -33.00000  -5.0942527 -18.8978438    8.8422545   0.0065782   0.000000      -0.000000    
-1.954081  4.363612  1.233619  7.870321  0.000000  0.000000  0.000  0.000    2.645785473150555  1.09840 -33.00000  -5.1162423 -18.8966022    8.8423284   0.0065777   0.000000      -0.000000    
-1.961513  4.361773  1.230326  7.870373  0.000000  0.000000  0.000  0.000    2.648842988997350  1.09840 -33.00000  -5.1384731 -18.8974023    8.8424069   0.0065771   0.000000      -0.000000    
-1.969020  4.359915  1.226991  7.870411  0.000000  0.000000  0.000  0.000    2.651943454845810  1.09840 -33.00000  -5.1608993 -18.8980302    8.8424820   0.0065765   0.000000      -0.000000    
-1.976638  4.358031  1.223619  7.870464  0.000000  0.000000  0.000  0.000    2.655097700805667  1.09840 -33.00000  -5.1835392 -18.8994061    8.8425616   0.0065759   0.000000      -0.000000    
-1.984307  4.356132  1.220213  7.870502  0.000000  0.000000  0.000  0.000    2.658287590025358  1.09840 -33.00000  -5.2063159 -18.9005203    8.8426375   0.0065753   0.000000      -0.000000    
-1.992109  4.354202  1.216757  7.870555  0.000000  0.000000  0.000  0.000    2.661543854056349  1.09840 -33.00000  -5.2293892 -18.9002104    8.8427188   0.0065747   0.000000      -0.000000    
-2.000012  4.352246  1.213256  7.870594  0.000000  0.000000  0.000  0.000    2.664848065203498  1.09840 -33.00000  -5.2526745 -18.8992679    8.8427956   0.0065741   0.000000      -0.000000    
-2.007980  4.350274  1.209731  7.870647  0.000000  0.000000  0.000  0.000    2.668195156478309  1.09840 -33.00000  -5.2760840 -18.8979377    8.8428776   0.0065735   0.000000      -0.000000    
-2.016043  4.348278  1.206163  7.870686  0.000000  0.000000  0.000  0.000    2.671587987278765  1.09840 -33.00000  -5.2996842 -18.8975706    8.8429550   0.0065729   0.000000      -0.000000    
-2.024118  4.346279  1.202589  7.870739  0.000000  0.000000  0.000  0.000    2.675007150696683  1.09840 -33.00000  -5.3232899 -18.8978424    8.8430373   0.0065723   0.000000      -0.000000    
-2.032313  4.344251  1.198965  7.870777  0.000000  0.000000  0.000  0.000    2.678480289127245  1.09840 -33.00000  -5.3471393 -18.8966498    8.8431156   0.0065717   0.000000      -0.000000    
-2.040519  4.342220  1.195338  7.870831  0.000000  0.000000  0.000  0.000    2.681976662877711  1.09840 -33.00000  -5.3709676 -18.8962009    8.8431979   0.0065711   0.000000      -0.000000    
-2.048818  4.340164  1.191669  7.870869  0.000000  0.000000  0.000  0.000    2.685520219521554  1.09840 -33.00000  -5.3949895 -18.8959036    8.8432764   0.0065705   0.000000      -0.000000    
-2.057111  4.338112  1.188009  7.870922  0.000000  0.000000  0.000  0.000    2.689075339395993  1.09840 -33.00000  -5.4189106 -18.8959895    8.8433587   0.0065699   0.000000      -0.000000    
-2.065543  4.336023  1.184281  7.870960  0.000000  0.000000  0.000  0.000    2.692703094725093  1.09840 -33.00000  -5.4431910 -18.8940858    8.8434377   0.0065693   0.000000      -0.000000    
-2.074029  4.333923  1.180539  7.871014  0.000000  0.000000  0.000  0.000    2.696366908201102  1.09840 -33.00000  -5.4675307 -18.8935108    8.8435209   0.0065686   0.000000      -0.000000    
-2.082582  4.331804  1.176762  7.871052  0.000000  0.000000  0.000  0.000    2.700070708604075  1.09840 -33.00000  -5.4920077 -18.8941758    8.8436001   0.0065680   0.000000      -0.000000    
-2.091173  4.329677  1.172973  7.871105  0.000000  0.000000  0.000  0.000    2.703809225494172  1.09840 -33.00000  -5.5165329 -18.8920268    8.8436837   0.0065674   0.000000      -0.000000    
-2.099861  4.327525  1.169138  7.871143  0.000000  0.000000  0.000  0.000    2.707599837754409  1.09840 -33.00000  -5.5412703 -18.8944756    8.8437633   0.0065668   0.000000      -0.000000    
-2.108596  4.325363  1.165291  7.871197  0.000000  0.000000  0.000  0.000    2.711425475277490  1.09840 -33.00000  -5.5660551 -18.8941178    8.8438474   0.0065662   0.000000      -0.000000    
-2.117400  4.323181  1.161409  7.871235  0.000000  0.000000  0.000  0.000    2.715292593447880  1.09840 -33.00000  -5.5909802 -18.8926604    8.8439270   0.0065656   0.000000      -0.000000    
-2.126257  4.320988  1.157507  7.871288  0.000000  0.000000  0.000  0.000    2.719202562763218  1.09840 -33.00000  -5.6160009 -18.8904783    8.8440112   0.0065649   0.000000      -0.000000    
-2.135289  4.318751  1.153526  7.871334  0.000000  0.000000  0.000  0.000    2.723203648516890  1.09840 -33.00000  -5.6414584 -18.8908369    8.8440942   0.0065643   0.000000      -0.000000    
-2.144452  4.316481  1.149492  7.871381  0.000000  0.000000  0.000  0.000    2.727274390820862  1.09840 -33.00000  -5.6671987 -18.8906657    8.8441778   0.0065637   0.000000      -0.000000    
-2.153719  4.314185  1.145415  7.871427  0.000000  0.000000  0.000  0.000    2.731405814103837  1.09840 -33.00000  -5.6931614 -18.8915444    8.8442616   0.0065630   0.000000      -0.000000    
-2.163102  4.311861  1.141284  7.871474  0.000000  0.000000  0.000  0.000    2.735607708997604  1.09840 -33.00000  -5.7194054 -18.8903941    8.8443460   0.0065624   0.000000      -0.000000    
-2.172646  4.309496  1.137070  7.871526  0.000000  0.000000  0.000  0.000    2.739896685930477  1.09840 -33.00000  -5.7460287 -18.8898511    8.8444311   0.0065618   0.000000      -0.000000    
-2.182344  4.307095  1.132799  7.871635  0.000000  0.000000  0.000  0.000    2.744279855404140  1.09840 -33.00000  -5.7730027 -18.8890363    8.8445237   0.0065611  0.8563825E+29  0.7055656E+27
-2.192130  4.304672  1.129259  7.871706  0.000000  0.000000  0.000  0.000    2.748761999243565  1.09840 -33.00000  -5.7994068 -18.8877167    8.8446176   0.0065604  0.1876795E+31  0.8036467E+29
-2.202107  4.302203  1.125327  7.871796  0.000000  0.000000  0.000  0.000    2.753426232316668  1.09840 -33.00000  -5.8265738 -18.8865742    8.8447196   0.0065596  0.2217038E+31  0.1114819E+30
-2.212117  4.299725  1.121609  7.871871  0.000000  0.000000  0.000  0.000    2.758219927543651  1.09840 -33.00000  -5.8546053 -18.8865245    8.8448162   0.0065589  0.3163381E+31  0.1642855E+30
-2.222165  4.297237  1.117561  7.871951  0.000000  0.000000  0.000  0.000    2.763154598980561  1.09840 -33.00000  -5.8834577 -18.8876928    8.8449147   0.0065581  0.3260832E+31  0.1720991E+30
-2.232797  4.294604  1.113295  7.872020  0.000000  0.000000  0.000  0.000    2.768506963751362  1.09840 -33.00000  -5.9149357 -18.8896727    8.8450126   0.0065574  0.3577451E+31  0.1922347E+30
-2.243604  4.291927  1.108923  7.872092  0.000000  0.000000  0.000  0.000    2.774097461810238  1.09840 -33.00000  -5.9474265 -18.8882527    8.8451123   0.0065566  0.3815396E+31  0.2127411E+30
-2.254712  4.289175  1.104298  7.872167  0.000000  0.000000  0.000  0.000    2.780000199742684  1.09840 -33.00000  -5.9814594 -18.8885761    8.8452147   0.0065558  0.3893196E+31  0.2186326E+30
-2.267053  4.285993  1.099453  7.870177  0.000000  0.000000  0.000  0.000    2.786208904576527  1.09840 -33.00000  -6.0185492 -18.8891886    8.8448260   0.0065588  0.3991501E+31  0.1215712E+31
-2.276816  4.283575  1.095929  7.870244  0.000000  0.000000  0.000  0.000    2.791847890164898  1.09840 -33.00000  -6.0472861 -18.8869017    8.8449170   0.0065581  0.4492990E+31  0.1331332E+31
-2.288227  4.280751  1.089972  7.870342  0.000000  0.000000  0.000  0.000    2.798519424892610  1.09840 -33.00000  -6.0845751 -18.8883181    8.8450327   0.0065572  0.3038577E+31  0.8933595E+30
-2.300410  4.277733  1.085051  7.870423  0.000000  0.000000  0.000  0.000    2.805959712311865  1.09840 -33.00000  -6.1213699 -18.8860558    8.8451452   0.0065564  0.4298855E+31  0.1237987E+31
-2.313562  4.274476  1.078412  7.870516  0.000000  0.000000  0.000  0.000    2.813958463083758  1.09840 -33.00000  -6.1671569 -18.8837839    8.8452668   0.0065555  0.3329196E+31  0.9463867E+30
-2.326567  4.271256  1.072792  7.870612  0.000000  0.000000  0.000  0.000    2.822171615126565  1.09840 -33.00000  -6.2102429 -18.8830298    8.8453901   0.0065545  0.4284588E+31  0.1190405E+31
-2.340678  4.267764  1.065901  7.870741  0.000000  0.000000  0.000  0.000    2.830929131257585  1.09840 -33.00000  -6.2615183 -18.8813095    8.8455360   0.0065534  0.3358117E+31  0.9192284E+30
-2.354702  4.264295  1.059672  7.870871  0.000000  0.000000  0.000  0.000    2.839823031046279  1.09840 -33.00000  -6.3111349 -18.8792716    8.8456822   0.0065523  0.3966271E+31  0.1060840E+31
-2.369711  4.260582  1.052631  7.871012  0.000000  0.000000  0.000  0.000    2.849201709255202  1.09840 -33.00000  -6.3670956 -18.8767590    8.8458381   0.0065511  0.3420019E+31  0.8966151E+30
-2.384574  4.256902  1.046033  7.871132  0.000000  0.000000  0.000  0.000    2.858710120393306  1.09840 -33.00000  -6.4209678 -18.8740544    8.8459824   0.0065501  0.3880558E+31  0.9968654E+30
-2.400833  4.252874  1.038420  7.871251  0.000000  0.000000  0.000  0.000    2.868752025887676  1.09840 -33.00000  -6.4830012 -18.8726936    8.8461316   0.0065489  0.3152525E+31  0.7941161E+30
-2.416726  4.248943  1.031318  7.871408  0.000000  0.000000  0.000  0.000    2.878709966198620  1.09840 -33.00000  -6.5405713 -18.8684092    8.8463008   0.0065477  0.3468718E+31  0.8527783E+30
-2.433852  4.244708  1.023472  7.871580  0.000000  0.000000  0.000  0.000    2.889175236140387  1.09840 -33.00000  -6.6083877 -18.8638847    8.8464833   0.0065463  0.2992865E+31  0.7188975E+30
-2.450883  4.240491  1.015898  7.871725  0.000000  0.000000  0.000  0.000    2.899736977512402  1.09840 -33.00000  -6.6927852 -18.8604862    8.8466495   0.0065450  0.3255089E+31  0.7589115E+30
-2.469171  4.235959  1.007600  7.871845  0.000000  0.000000  0.000  0.000    2.910728569197309  1.09840 -33.00000  -6.8802847 -18.8570239    8.8468062   0.0065438  0.2795695E+31  0.6360898E+30
-2.487349  4.231456  0.999490  7.871983  0.000000  0.000000  0.000  0.000    2.921683264969727  1.09840 -33.00000 -39.2176597 -18.8559745    8.8469722   0.0065426  0.2862266E+31  0.6325936E+30
-2.506576  4.226706  0.990832  7.872214  0.000000  0.000000  0.000  0.000    2.932968162859926  1.09840 -33.00000 -99.0000000 -18.8539537    8.8472009   0.0065409  0.2466926E+31  0.5345982E+30
-2.524872  4.222177  0.982783  7.872376  0.000000  0.000000  0.000  0.000    2.944094631318814  1.09840 -33.00000 -99.0000000 -18.8480920    8.8473822   0.0065395  0.2873262E+31  0.5969751E+30
-2.545818  4.216988  0.973341  7.872536  0.000000  0.000000  0.000  0.000    2.955898130744414  1.09840 -33.00000 -99.0000000 -18.8490321    8.8475719   0.0065381  0.2053625E+31  0.4164334E+30
-2.563321  4.212649  0.965701  7.872644  0.000000  0.000000  0.000  0.000    2.966485208090929  1.09840 -33.00000 -99.0000000 -18.8507200    8.8477161   0.0065370  0.2791838E+31  0.5424515E+30
-2.585123  4.207244  0.955910  7.872787  0.000000  0.000000  0.000  0.000    2.978319544455817  1.09840 -33.00000 -99.0000000 -18.8468184    8.8478985   0.0065356  0.1701929E+31  0.3236563E+30
-2.602213  4.203013  0.948457  7.872933  0.000000  0.000000  0.000  0.000    2.988485548901130  1.09840 -33.00000 -99.0000000 -18.8472803    8.8480638   0.0065344  0.2555825E+31  0.4632900E+30
-2.623985  4.197613  0.938775  7.873066  0.000000  0.000000  0.000  0.000    3.000138379892615  1.09840 -33.00000 -99.0000000 -18.8463805    8.8482396   0.0065331  0.1590180E+31  0.2811896E+30
-2.641706  4.193224  0.931005  7.873204  0.000000  0.000000  0.000  0.000    3.010265670012533  1.09840 -33.00000 -99.0000000 -18.8452068    8.8484035   0.0065318  0.2151121E+31  0.3647287E+30
-2.662814  4.187990  0.921701  7.873333  0.000000  0.000000  0.000  0.000    3.021411664915150  1.09840 -33.00000 -99.0000000 -18.8395480    8.8485726   0.0065306  0.1503822E+31  0.2471915E+30
-2.680991  4.183483  0.913717  7.873451  0.000000  0.000000  0.000  0.000    3.031555187894378  1.09840 -33.00000 -99.0000000 -18.8382319    8.8487241   0.0065294  0.1900679E+31  0.2969216E+30
-2.702244  4.178206  0.904404  7.873543  0.000000  0.000000  0.000  0.000    3.042426137270597  1.09840 -33.00000 -99.0000000 -18.8400404    8.8488683   0.0065283  0.1294539E+31  0.1966323E+30
-2.720460  4.173690  0.896404  7.873660  0.000000  0.000000  0.000  0.000    3.052306715752480  1.09840 -33.00000 -99.0000000 -18.8385800    8.8490190   0.0065272  0.1659351E+31  0.2392708E+30
-2.741581  4.168446  0.887196  7.873755  0.000000  0.000000  0.000  0.000    3.062880944838870  1.09840 -33.00000 -99.0000000 -18.8403796    8.8491641   0.0065261  0.1150171E+31  0.1601742E+30
-2.760038  4.163864  0.879091  7.873845  0.000000  0.000000  0.000  0.000    3.072620926869790  1.09840 -33.00000 -99.0000000 -18.8405677    8.8492968   0.0065251  0.1444821E+31  0.1910778E+30
-2.780922  4.158683  0.870015  7.873958  0.000000  0.000000  0.000  0.000    3.082916957270263  1.09840 -33.00000 -99.0000000 -18.8401861    8.8494545   0.0065239  0.1037287E+31  0.1323258E+30
-2.800038  4.153938  0.861651  7.874048  0.000000  0.000000  0.000  0.000    3.092564497928688  1.09840 -33.00000 -99.0000000 -18.8380466    8.8495904   0.0065229  0.1160461E+31  0.1406818E+30
-2.820218  4.148926  0.852873  7.874133  0.000000  0.000000  0.000  0.000    3.102455099641062  1.09840 -33.00000 -99.0000000 -18.8365037    8.8497236   0.0065219  0.9899270E+30  0.1143308E+30
-2.839688  4.144088  0.844365  7.874198  0.000000  0.000000  0.000  0.000    3.112120643667403  1.09840 -33.00000 -99.0000000 -18.8360779    8.8498396   0.0065210  0.1034368E+31  0.1128089E+30
-2.860145  4.139009  0.835498  7.874292  0.000000  0.000000  0.000  0.000    3.121865547836372  1.09840 -33.00000 -99.0000000 -18.8384361    8.8499820   0.0065200  0.8251598E+30  0.8595007E+29
-2.879459  4.134215  0.827047  7.874385  0.000000  0.000000  0.000  0.000    3.131279906236122  1.09840 -33.00000 -99.0000000 -18.8376939    8.8501214   0.0065189  0.9003506E+30  0.8833487E+29
-2.899936  4.129131  0.818174  7.874473  0.000000  0.000000  0.000  0.000    3.140839464286429  1.09840 -33.00000 -99.0000000 -18.8377155    8.8502612   0.0065179  0.7091315E+30  0.6591704E+29
-2.919287  4.124324  0.809692  7.874544  0.000000  0.000000  0.000  0.000    3.150074507237246  1.09840 -33.00000 -99.0000000 -18.8375149    8.8503831   0.0065170  0.7732120E+30  0.6694842E+29
-2.938833  4.119471  0.801161  7.874628  0.000000  0.000000  0.000  0.000    3.159259486103583  1.09840 -33.00000 -99.0000000 -18.8374592    8.8505177   0.0065159  0.6910064E+30  0.5651484E+29
-2.958353  4.114620  0.792627  7.874691  0.000000  0.000000  0.000  0.000    3.168300144332066  1.09840 -33.00000 -99.0000000 -18.8373170    8.8506352   0.0065151  0.6215621E+30  0.4754435E+29
-2.976923  4.110008  0.784449  7.874764  0.000000  0.000000  0.000  0.000    3.176948937600645  1.09840 -33.00000 -99.0000000 -18.8377235    8.8507582   0.0065141  0.6109695E+30  0.4374596E+29
-2.995995  4.105267  0.776074  7.874814  0.000000  0.000000  0.000  0.000    3.185620330515709  1.09840 -33.00000 -99.0000000 -18.8379816    8.8508633   0.0065134  0.5195813E+30  0.3471289E+29
-3.013973  4.100800  0.768066  7.874872  0.000000  0.000000  0.000  0.000    3.193927322186012  1.09840 -33.00000 -99.0000000 -18.8376828    8.8509731   0.0065125  0.5319622E+30  0.3326689E+29
-3.032324  4.096239  0.759907  7.874927  0.000000  0.000000  0.000  0.000    3.202239606417512  1.09840 -33.00000 -99.0000000 -18.8376297    8.8510798   0.0065117  0.4524320E+30  0.2610731E+29
-3.049528  4.091965  0.752129  7.874986  0.000000  0.000000  0.000  0.000    3.210196300454193  1.09840 -33.00000 -99.0000000 -18.8375186    8.8511902   0.0065109  0.4754335E+30  0.2549437E+29
-3.067222  4.087570  0.744152  7.875044  0.000000  0.000000  0.000  0.000    3.218156799490256  1.09840 -33.00000 -99.0000000 -18.8376217    8.8513024   0.0065101  0.3762123E+30  0.1883795E+29
-3.083361  4.083561  0.736654  7.875096  0.000000  0.000000  0.000  0.000    3.225745775383483  1.09840 -33.00000 -99.0000000 -18.8374320    8.8514042   0.0065093  0.4470723E+30  0.2005443E+29
-3.100820  4.079223  0.728684  7.875152  0.000000  0.000000  0.000  0.000    3.233494466062403  1.09840 -33.00000 -99.0000000 -18.8372974    8.8515143   0.0065085  0.2921709E+30  0.1228272E+29
-3.115901  4.075477  0.721444  7.875198  0.000000  0.000000  0.000  0.000    3.240679632974628  1.09840 -33.00000 -99.0000000 -18.8373869    8.8516101   0.0065078  0.3990984E+30  0.1510839E+29
-3.132570  4.071334  0.713633  7.875244  0.000000  0.000000  0.000  0.000    3.248186496133287  1.09840 -33.00000 -99.0000000 -18.8373502    8.8517085   0.0065070  0.2757924E+30  0.9521682E+28
-3.147749  4.067562  0.706201  7.875284  0.000000  0.000000  0.000  0.000    3.255389897880750  1.09840 -33.00000 -99.0000000 -18.8372229    8.8517983   0.0065063  0.3343508E+30  0.1021370E+29
-3.163674  4.063606  0.698376  7.875330  0.000000  0.000000  0.000  0.000    3.262773150488823  1.09840 -33.00000 -99.0000000 -18.8372491    8.8518985   0.0065056  0.2477143E+30  0.6898487E+28
-3.178054  4.060033  0.691096  7.875370  0.000000  0.000000  0.000  0.000    3.269626984554063  1.09840 -33.00000 -99.0000000 -18.8372594    8.8519883   0.0065049  0.2702272E+30  0.6484561E+28
-3.192913  4.056341  0.683491  7.875409  0.000000  0.000000  0.000  0.000    3.276644593457564  1.09840 -33.00000 -99.0000000 -18.8372414    8.8520796   0.0065042  0.2205114E+30  0.4774070E+28
-3.205818  4.053136  0.676541  7.875446  0.000000  0.000000  0.000  0.000    3.283101586976512  1.09840 -33.00000 -99.0000000 -18.8372362    8.8521636   0.0065036  0.2662294E+30  0.4923029E+28
-3.220001  4.049611  0.668990  7.875480  0.000000  0.000000  0.000  0.000    3.289931039603283  1.09840 -33.00000 -99.0000000 -18.8372551    8.8522479   0.0065030  0.1974742E+30  0.3130537E+28
-3.233577  4.046237  0.661554  7.875511  0.000000  0.000000  0.000  0.000    3.296575723105087  1.09840 -33.00000 -99.0000000 -18.8372647    8.8523262   0.0065024  0.1986647E+30  0.2599768E+28
-3.249030  4.042391  0.653375  7.875533  0.000000  0.000000  0.000  0.000    3.303317207069286  1.09840 -33.00000 -99.0000000 -18.8372767    8.8523965   0.0065019   0.000000      -0.000000    
-3.262084  4.039143  0.645975  7.875552  0.000000  0.000000  0.000  0.000    3.309256826747339  1.09840 -33.00000 -99.0000000 -18.8372247    8.8524568   0.0065014   0.000000      -0.000000    
-3.274791  4.035981  0.638442  7.875571  0.000000  0.000000  0.000  0.000    3.315227131808211  1.09840 -33.00000 -99.0000000 -18.8372125    8.8525168   0.0065010   0.000000      -0.000000    
-3.287686  4.032772  0.630756  7.875590  0.000000  0.000000  0.000  0.000    3.321254045791253  1.09840 -33.00000 -99.0000000 -18.8372073    8.8525760   0.0065005   0.000000      -0.000000    
-3.301017  4.029455  0.622693  7.875609  0.000000  0.000000  0.000  0.000    3.327505756497584  1.09840 -33.00000 -99.0000000 -18.8372036    8.8526368   0.0065001   0.000000      -0.000000    
-3.314339  4.026139  0.614460  7.875628  0.000000  0.000000  0.000  0.000    3.333812586808773  1.09840 -33.00000 -99.0000000 -18.8372036    8.8526974   0.0064996   0.000000      -0.000000    
-3.327353  4.022901  0.606245  7.875646  0.000000  0.000000  0.000  0.000    3.340026895101952  1.09840 -33.00000 -99.0000000 -18.8372036    8.8527562   0.0064992   0.000000      -0.000000    
-3.340046  4.019742  0.598057  7.875664  0.000000  0.000000  0.000  0.000    3.346142236115737  1.09840 -33.00000 -99.0000000 -18.8372035    8.8528131   0.0064987   0.000000      -0.000000    
-3.352445  4.016656  0.589890  7.875680  0.000000  0.000000  0.000  0.000    3.352161912080238  1.09840 -33.00000 -99.0000000 -18.8372035    8.8528685   0.0064983   0.000000      -0.000000    
-3.364617  4.013626  0.581768  7.875697  0.000000  0.000000  0.000  0.000    3.358066857722041  1.09840 -33.00000 -99.0000000 -18.8372035    8.8529225   0.0064979   0.000000      -0.000000    
-3.376840  4.010584  0.573539  7.875713  0.000000  0.000000  0.000  0.000    3.363966098667904  1.09840 -33.00000 -99.0000000 -18.8372034    8.8529755   0.0064975   0.000000      -0.000000    
-3.389060  4.007542  0.565180  7.875729  0.000000  0.000000  0.000  0.000    3.369870770707831  1.09840 -33.00000 -99.0000000 -18.8372034    8.8530280   0.0064971   0.000000      -0.000000    
-3.400848  4.004608  0.556812  7.875745  0.000000  0.000000  0.000  0.000    3.375690421141313  1.09840 -33.00000 -99.0000000 -18.8372033    8.8530802   0.0064967   0.000000      -0.000000    
-3.412121  4.001802  0.548813  7.875759  0.000000  0.000000  0.000  0.000    3.381167970423106  1.09840 -33.00000 -99.0000000 -18.8372033    8.8531284   0.0064964   0.000000      -0.000000    
-3.423725  3.998913  0.540608  7.875773  0.000000  0.000000  0.000  0.000    3.386702109174975  1.09840 -33.00000 -99.0000000 -18.8372033    8.8531763   0.0064960   0.000000      -0.000000    
-3.435560  3.995966  0.532244  7.875787  0.000000  0.000000  0.000  0.000    3.392256448849236  1.09840 -33.00000 -99.0000000 -18.8372033    8.8532236   0.0064957   0.000000      -0.000000    
-3.447447  3.993005  0.523878  7.875801  0.000000  0.000000  0.000  0.000    3.397726586692854  1.09840 -33.00000 -99.0000000 -18.8372032    8.8532696   0.0064953   0.000000      -0.000000    
-3.459324  3.990047  0.515502  7.875814  0.000000  0.000000  0.000  0.000    3.403118559853334  1.09840 -33.00000 -99.0000000 -18.8372032    8.8533143   0.0064950   0.000000      -0.000000    
-3.471016  3.987135  0.507129  7.875827  0.000000  0.000000  0.000  0.000    3.408424928632756  1.09840 -33.00000 -99.0000000 -18.8372032    8.8533581   0.0064947   0.000000      -0.000000    
-3.482554  3.984261  0.498807  7.875839  0.000000  0.000000  0.000  0.000    3.413615800224305  1.09840 -33.00000 -99.0000000 -18.8372031    8.8534005   0.0064944   0.000000      -0.000000    
-3.493981  3.981415  0.490520  7.875851  0.000000  0.000000  0.000  0.000    3.418702965271408  1.09840 -33.00000 -99.0000000 -18.8372031    8.8534417   0.0064940   0.000000      -0.000000    
-3.505337  3.978586  0.482265  7.875863  0.000000  0.000000  0.000  0.000    3.423690751102577  1.09840 -33.00000 -99.0000000 -18.8372031    8.8534815   0.0064937   0.000000      -0.000000    
-3.516642  3.975769  0.474036  7.875874  0.000000  0.000000  0.000  0.000    3.428584213722338  1.09840 -33.00000 -99.0000000 -18.8371896    8.8535202   0.0064935   0.000000      -0.000000    
-3.527899  3.972964  0.465835  7.875885  0.000000  0.000000  0.000  0.000    3.433384481269529  1.09840 -33.00000 -99.0000000 -18.8371895    8.8535578   0.0064932   0.000000      -0.000000    
-3.539104  3.970172  0.457653  7.875895  0.000000  0.000000  0.000  0.000    3.438098337319354  1.09840 -33.00000 -99.0000000 -18.8371895    8.8535944   0.0064929   0.000000      -0.000000    
-3.550255  3.967394  0.449495  7.875905  0.000000  0.000000  0.000  0.000    3.442723603547785  1.09840 -33.00000 -99.0000000 -18.8371895    8.8536300   0.0064926   0.000000      -0.000000    
-3.561372  3.964623  0.441355  7.875915  0.000000  0.000000  0.000  0.000    3.447265954992220  1.09840 -33.00000 -99.0000000 -18.8371895    8.8536648   0.0064924   0.000000      -0.000000    
-3.572526  3.961843  0.433234  7.875924  0.000000  0.000000  0.000  0.000    3.451726093636652  1.09840 -33.00000 -99.0000000 -18.8371894    8.8536985   0.0064921   0.000000      -0.000000    
-3.583797  3.959033  0.425095  7.875933  0.000000  0.000000  0.000  0.000    3.456126141443586  1.09840 -33.00000 -99.0000000 -18.8371894    8.8537312   0.0064919   0.000000      -0.000000    
-3.595074  3.956222  0.416921  7.875942  0.000000  0.000000  0.000  0.000    3.460475809164627  1.09840 -33.00000 -99.0000000 -18.8371797    8.8537633   0.0064916   0.000000      -0.000000    
-3.606338  3.953414  0.408774  7.875950  0.000000  0.000000  0.000  0.000    3.464742598574328  1.09840 -33.00000 -99.0000000 -18.8371797    8.8537944   0.0064914   0.000000      -0.000000    
-3.617691  3.950583  0.400631  7.875958  0.000000  0.000000  0.000  0.000    3.468940712622767  1.09840 -33.00000 -99.0000000 -18.8371770    8.8538246   0.0064912   0.000000      -0.000000    
-3.629114  3.947735  0.392451  7.875966  0.000000  0.000000  0.000  0.000    3.473091185769724  1.09840 -33.00000 -99.0000000 -18.8371770    8.8538541   0.0064910   0.000000      -0.000000    
-3.640521  3.944890  0.384270  7.875974  0.000000  0.000000  0.000  0.000    3.477176583953851  1.09840 -33.00000 -99.0000000 -18.8371769    8.8538830   0.0064907   0.000000      -0.000000    
-3.651893  3.942054  0.376108  7.875982  0.000000  0.000000  0.000  0.000    3.481187410351930  1.09840 -33.00000 -99.0000000 -18.8371769    8.8539112   0.0064905   0.000000      -0.000000    
-3.663260  3.939219  0.367963  7.875989  0.000000  0.000000  0.000  0.000    3.485125132421546  1.09840 -33.00000 -99.0000000 -18.8371769    8.8539387   0.0064903   0.000000      -0.000000    
-3.674922  3.936310  0.359824  7.875996  0.000000  0.000000  0.000  0.000    3.488998792933156  1.09840 -33.00000 -99.0000000 -18.8371768    8.8539652   0.0064901   0.000000      -0.000000    
-3.686928  3.933316  0.351559  7.876003  0.000000  0.000000  0.000  0.000    3.492870990791093  1.09840 -33.00000 -99.0000000 -18.8371733    8.8539913   0.0064899   0.000000      -0.000000    
-3.698954  3.930316  0.343233  7.876009  0.000000  0.000000  0.000  0.000    3.496709620075870  1.09840 -33.00000 -99.0000000 -18.8371732    8.8540171   0.0064897   0.000000      -0.000000    
-3.710799  3.927361  0.334939  7.876016  0.000000  0.000000  0.000  0.000    3.500472352880389  1.09840 -33.00000 -99.0000000 -18.8371732    8.8540424   0.0064896   0.000000      -0.000000    
-3.722373  3.924473  0.326717  7.876022  0.000000  0.000000  0.000  0.000    3.504141301320344  1.09840 -33.00000 -99.0000000 -18.8371732    8.8540672   0.0064894   0.000000      -0.000000    
-3.733950  3.921585  0.318597  7.876027  0.000000  0.000000  0.000  0.000    3.507706126265057  1.09840 -33.00000 -99.0000000 -18.8371732    8.8540909   0.0064892   0.000000      -0.000000    
-3.745756  3.918639  0.310421  7.876033  0.000000  0.000000  0.000  0.000    3.511238730396919  1.09840 -33.00000 -99.0000000 -18.8371732    8.8541139   0.0064890   0.000000      -0.000000    
-3.757888  3.915612  0.302186  7.876038  0.000000  0.000000  0.000  0.000    3.514740716609639  1.09840 -33.00000 -99.0000000 -18.8371731    8.8541364   0.0064889   0.000000      -0.000000    
-3.770334  3.912506  0.293849  7.876044  0.000000  0.000000  0.000  0.000    3.518231531258827  1.09840 -33.00000 -99.0000000 -18.8371732    8.8541583   0.0064887   0.000000      -0.000000    
-3.782977  3.909350  0.285438  7.876049  0.000000  0.000000  0.000  0.000    3.521698493521120  1.09840 -33.00000 -99.0000000 -18.8371731    8.8541798   0.0064885   0.000000      -0.000000    
-3.795607  3.906198  0.276994  7.876054  0.000000  0.000000  0.000  0.000    3.525124377675391  1.09840 -33.00000 -99.0000000 -18.8371731    8.8542010   0.0064884   0.000000      -0.000000    
-3.808098  3.903081  0.268578  7.876059  0.000000  0.000000  0.000  0.000    3.528484796489038  1.09840 -33.00000 -99.0000000 -18.8371731    8.8542218   0.0064882   0.000000      -0.000000    
-3.820568  3.899968  0.260220  7.876063  0.000000  0.000000  0.000  0.000    3.531768604621412  1.09840 -33.00000 -99.0000000 -18.8371731    8.8542418   0.0064881   0.000000      -0.000000    
-3.833147  3.896828  0.251834  7.876068  0.000000  0.000000  0.000  0.000    3.535010776316134  1.09840 -33.00000 -99.0000000 -18.8371731    8.8542615   0.0064879   0.000000      -0.000000    
-3.845923  3.893639  0.243427  7.876072  0.000000  0.000000  0.000  0.000    3.538210205002883  1.09840 -33.00000 -99.0000000 -18.8371731    8.8542805   0.0064878   0.000000      -0.000000    
-3.858832  3.890416  0.234938  7.876076  0.000000  0.000000  0.000  0.000    3.541388875462844  1.09840 -33.00000 -99.0000000 -18.8371731    8.8542993   0.0064876   0.000000      -0.000000    
-3.871608  3.887227  0.226448  7.876080  0.000000  0.000000  0.000  0.000    3.544516495795438  1.09840 -33.00000 -99.0000000 -18.8371731    8.8543178   0.0064875   0.000000      -0.000000    
-3.884141  3.884098  0.218038  7.876084  0.000000  0.000000  0.000  0.000    3.547563414400564  1.09840 -33.00000 -99.0000000 -18.8371731    8.8543358   0.0064874   0.000000      -0.000000    
-3.896386  3.881041  0.209743  7.876087  0.000000  0.000000  0.000  0.000    3.550518313792718  1.09840 -33.00000 -99.0000000 -18.8371731    8.8543533   0.0064872   0.000000      -0.000000    
-3.909356  3.877803  0.201618  7.876090  0.000000  0.000000  0.000  0.000    3.553369360972159  1.09840 -33.00000 -99.0000000 -18.8371731    8.8543689   0.0064871   0.000000      -0.000000    
-3.923948  3.874159  0.192845  7.876094  0.000000  0.000000  0.000  0.000    3.556403914304381  1.09840 -33.00000 -99.0000000 -18.8371731    8.8543847   0.0064870   0.000000      -0.000000    
-3.937605  3.870749  0.183986  7.876097  0.000000  0.000000  0.000  0.000    3.559417551214339  1.09840 -33.00000 -99.0000000 -18.8371731    8.8544015   0.0064869   0.000000      -0.000000    
-3.950639  3.867494  0.175429  7.876100  0.000000  0.000000  0.000  0.000    3.562279970993369  1.09840 -33.00000 -99.0000000 -18.8371731    8.8544176   0.0064868   0.000000      -0.000000    
-3.963615  3.864254  0.167022  7.876103  0.000000  0.000000  0.000  0.000    3.565045538690415  1.09840 -33.00000 -99.0000000 -18.8371731    8.8544327   0.0064866   0.000000      -0.000000    
-3.976883  3.860941  0.158499  7.876106  0.000000  0.000000  0.000  0.000    3.567803537814888  1.09840 -33.00000 -99.0000000 -18.8371731    8.8544476   0.0064865   0.000000      -0.000000    
-3.990402  3.857565  0.149900  7.876109  0.000000  0.000000  0.000  0.000    3.570540469027259  1.09840 -33.00000 -99.0000000 -18.8371731    8.8544622   0.0064864   0.000000      -0.000000    
-4.004040  3.854159  0.141206  7.876111  0.000000  0.000000  0.000  0.000    3.573261428998638  1.09840 -33.00000 -99.0000000 -18.8371731    8.8544766   0.0064863   0.000000      -0.000000    
-4.017611  3.850770  0.132544  7.876114  0.000000  0.000000  0.000  0.000    3.575926732025722  1.09840 -33.00000 -99.0000000 -18.8371731    8.8544906   0.0064862   0.000000      -0.000000    
-4.031115  3.847397  0.123904  7.876116  0.000000  0.000000  0.000  0.000    3.578539928435382  1.09840 -33.00000 -99.0000000 -18.8371731    8.8545043   0.0064861   0.000000      -0.000000    
-4.044605  3.844028  0.115299  7.876118  0.000000  0.000000  0.000  0.000    3.581098435444281  1.09840 -33.00000 -99.0000000 -18.8371731    8.8545175   0.0064860   0.000000      -0.000000    
-4.058332  3.840599  0.106674  7.876121  0.000000  0.000000  0.000  0.000    3.583619434571457  1.09840 -33.00000 -99.0000000 -18.8371731    8.8545302   0.0064859   0.000000      -0.000000    
-4.072347  3.837099  0.097895  7.876123  0.000000  0.000000  0.000  0.000    3.586142188787533  1.09840 -33.00000 -99.0000000 -18.8371731    8.8545428   0.0064858   0.000000      -0.000000    
-4.086330  3.833606  0.089082  7.876125  0.000000  0.000000  0.000  0.000    3.588630329603116  1.09840 -33.00000 -99.0000000 -18.8371731    8.8545553   0.0064857   0.000000      -0.000000    
-4.100327  3.830110  0.080346  7.876127  0.000000  0.000000  0.000  0.000    3.591054560908225  1.09840 -33.00000 -99.0000000 -18.8371731    8.8545672   0.0064856   0.000000      -0.000000    
-4.114691  3.826522  0.071512  7.876128  0.000000  0.000000  0.000  0.000    3.593463933833215  1.09840 -33.00000 -99.0000000 -18.8371731    8.8545787   0.0064855   0.000000      -0.000000    
-4.129045  3.822936  0.062631  7.876130  0.000000  0.000000  0.000  0.000    3.595843973265041  1.09840 -33.00000 -99.0000000 -18.8371731    8.8545901   0.0064855   0.000000      -0.000000    
-4.143346  3.819363  0.053747  7.876132  0.000000  0.000000  0.000  0.000    3.598182980851659  1.09840 -33.00000 -99.0000000 -18.8371731    8.8546012   0.0064854   0.000000      -0.000000    
-4.157665  3.815787  0.044894  7.876134  0.000000  0.000000  0.000  0.000    3.600472382320550  1.09840 -33.00000 -99.0000000 -18.8371731    8.8546121   0.0064853   0.000000      -0.000000    
-4.172088  3.812183  0.036007  7.876135  0.000000  0.000000  0.000  0.000    3.602729768056411  1.09840 -33.00000 -99.0000000 -18.8371731    8.8546227   0.0064852   0.000000      -0.000000    
-4.186588  3.808561  0.027119  7.876137  0.000000  0.000000  0.000  0.000    3.604947329083911  1.09840 -33.00000 -99.0000000 -18.8371731    8.8546330   0.0064851   0.000000      -0.000000    
-4.201130  3.804928  0.018230  7.876138  0.000000  0.000000  0.000  0.000    3.607125682630931  1.09840 -33.00000 -99.0000000 -18.8371731    8.8546429   0.0064851   0.000000      -0.000000    
-4.215679  3.801293  0.009339  7.876139  0.000000  0.000000  0.000  0.000    3.609265462438152  1.09840 -33.00000 -99.0000000 -18.8371731    8.8546527   0.0064850   0.000000      -0.000000    
-4.230213  3.797662  0.000446  7.876141  0.000000  0.000000  0.000  0.000    3.611367010799907  1.09840 -33.00000 -99.0000000 -18.8371731    8.8546621   0.0064849   0.000000      -0.000000    
-4.244702  3.794042 -0.008451  7.876142  0.000000  0.000000  0.000  0.000    3.613430700770445  1.09840 -33.00000 -99.0000000 -18.8371731    8.8546714   0.0064849   0.000000      -0.000000    
-4.258815  3.790516 -0.017357  7.876143  0.000000  0.000000  0.000  0.000    3.615456585568371  1.09840 -33.00000 -99.0000000 -18.8371731    8.8546808   0.0064848   0.000000      -0.000000    
-4.271403  3.787371 -0.025656  7.876144  0.000000  0.000000  0.000  0.000    3.617308086767519  1.09840 -33.00000 -99.0000000 -18.8371731    8.8546896   0.0064847   0.000000      -0.000000    
-4.282493  3.784601 -0.032985  7.876145  0.000000  0.000000  0.000  0.000    3.618914111295640  1.09840 -33.00000 -99.0000000 -18.8371731    8.8546973   0.0064847   0.000000      -0.000000    
-4.294337  3.781642 -0.040182  7.876146  0.000000  0.000000  0.000  0.000    3.620466696897608  1.09840 -33.00000 -99.0000000 -18.8371731    8.8547041   0.0064846   0.000000      -0.000000    
-4.309392  3.777880 -0.048933  7.876146  0.000000  0.000000  0.000  0.000    3.622322502603249  1.09840 -33.00000 -99.0000000 -18.8371731    8.8547118   0.0064846   0.000000      -0.000000    
-4.324401  3.774129 -0.057828  7.876147  0.000000  0.000000  0.000  0.000    3.624175224351367  1.09840 -33.00000 -99.0000000 -18.8371731    8.8547196   0.0064845   0.000000      -0.000000    
-4.339476  3.770363 -0.066726  7.876148  0.000000  0.000000  0.000  0.000    3.625995221770212  1.09840 -33.00000 -99.0000000 -18.8371731    8.8547272   0.0064844   0.000000      -0.000000    
-4.354525  3.766602 -0.075627  7.876149  0.000000  0.000000  0.000  0.000    3.627782606783283  1.09840 -33.00000 -99.0000000 -18.8371731    8.8547346   0.0064844   0.000000      -0.000000    
-4.369583  3.762839 -0.084530  7.876150  0.000000  0.000000  0.000  0.000    3.629537521608567  1.09840 -33.00000 -99.0000000 -18.8371731    8.8547419   0.0064843   0.000000      -0.000000    
-4.384704  3.759061 -0.093434  7.876151  0.000000  0.000000  0.000  0.000    3.631260363202028  1.09840 -33.00000 -99.0000000 -18.8371731    8.8547489   0.0064843   0.000000      -0.000000    
-4.399862  3.755273 -0.102340  7.876151  0.000000  0.000000  0.000  0.000    3.632951588349625  1.09840 -33.00000 -99.0000000 -18.8371731    8.8547557   0.0064842   0.000000      -0.000000    
-4.415024  3.751484 -0.111247  7.876152  0.000000  0.000000  0.000  0.000    3.634611716795648  1.09840 -33.00000 -99.0000000 -18.8371731    8.8547624   0.0064842   0.000000      -0.000000    
-4.430207  3.747690 -0.120155  7.876153  0.000000  0.000000  0.000  0.000    3.636241123917509  1.09840 -33.00000 -99.0000000 -18.8371731    8.8547689   0.0064841   0.000000      -0.000000    
-4.445417  3.743889 -0.129066  7.876153  0.000000  0.000000  0.000  0.000    3.637840147545481  1.09840 -33.00000 -99.0000000 -18.8371731    8.8547752   0.0064841   0.000000      -0.000000    
-4.460652  3.740082 -0.137978  7.876154  0.000000  0.000000  0.000  0.000    3.639409216413637  1.09840 -33.00000 -99.0000000 -18.8371731    8.8547814   0.0064840   0.000000      -0.000000    
-4.475895  3.736273 -0.146891  7.876154  0.000000  0.000000  0.000  0.000    3.640948719995230  1.09840 -33.00000 -99.0000000 -18.8371731    8.8547874   0.0064840   0.000000      -0.000000    
-4.491155  3.732459 -0.155806  7.876155  0.000000  0.000000  0.000  0.000    3.642459024443688  1.09840 -33.00000 -99.0000000 -18.8371731    8.8547932   0.0064839   0.000000      -0.000000    
-4.506460  3.728634 -0.164723  7.876155  0.000000  0.000000  0.000  0.000    3.643940556268438  1.09840 -33.00000 -99.0000000 -18.8371731    8.8547989   0.0064839   0.000000      -0.000000    
-4.521800  3.724801 -0.173640  7.876156  0.000000  0.000000  0.000  0.000    3.645393713496780  1.09840 -33.00000 -99.0000000 -18.8371731    8.8548045   0.0064839   0.000000      -0.000000    
-4.537092  3.720979 -0.182561  7.876156  0.000000  0.000000  0.000  0.000    3.646819001784108  1.09840 -33.00000 -99.0000000 -18.8371731    8.8548099   0.0064838   0.000000      -0.000000    
-4.552342  3.717168 -0.191484  7.876157  0.000000  0.000000  0.000  0.000    3.648216582036970  1.09840 -33.00000 -99.0000000 -18.8371731    8.8548152   0.0064838   0.000000      -0.000000    
-4.567637  3.713346 -0.200408  7.876157  0.000000  0.000000  0.000  0.000    3.649586694954838  1.09840 -33.00000 -99.0000000 -18.8371731    8.8548203   0.0064837   0.000000      -0.000000    
-4.583000  3.709506 -0.209333  7.876157  0.000000  0.000000  0.000  0.000    3.650929779107810  1.09840 -33.00000 -99.0000000 -18.8371731    8.8548253   0.0064837   0.000000      -0.000000    
-4.598358  3.705668 -0.218259  7.876158  0.000000  0.000000  0.000  0.000    3.652246294615642  1.09840 -33.00000 -99.0000000 -18.8371731    8.8548302   0.0064837   0.000000      -0.000000    
-4.613678  3.701839 -0.227189  7.876158  0.000000  0.000000  0.000  0.000    3.653536651782522  1.09840 -33.00000 -99.0000000 -18.8371731    8.8548350   0.0064836   0.000000      -0.000000    
-4.629013  3.698006 -0.236120  7.876158  0.000000  0.000000  0.000  0.000    3.654801061627227  1.09840 -33.00000 -99.0000000 -18.8371731    8.8548397   0.0064836   0.000000      -0.000000    
-4.644413  3.694158 -0.245052  7.876159  0.000000  0.000000  0.000  0.000    3.656039845718691  1.09840 -33.00000 -99.0000000 -18.8371731    8.8548442   0.0064836   0.000000      -0.000000    
-4.659853  3.690299 -0.253984  7.876159  0.000000  0.000000  0.000  0.000    3.657253554083107  1.09840 -33.00000 -99.0000000 -18.8371731    8.8548486   0.0064835   0.000000      -0.000000    
-4.675255  3.686449 -0.262919  7.876159  0.000000  0.000000  0.000  0.000    3.658442606914109  1.09840 -33.00000 -99.0000000 -18.8371731    8.8548529   0.0064835   0.000000      -0.000000    
-4.690634  3.682606 -0.271857  7.876159  0.000000  0.000000  0.000  0.000    3.659607271652953  1.09840 -33.00000 -99.0000000 -18.8371731    8.8548571   0.0064835   0.000000      -0.000000    
-4.706021  3.678760 -0.280796  7.876160  0.000000  0.000000  0.000  0.000    3.660747811521587  1.09840 -33.00000 -99.0000000 -18.8371731    8.8548613   0.0064834   0.000000      -0.000000    
-4.721356  3.674927 -0.289738  7.876160  0.000000  0.000000  0.000  0.000    3.661864553615131  1.09840 -33.00000 -99.0000000 -18.8371731    8.8548653   0.0064834   0.000000      -0.000000    
-4.736712  3.671089 -0.298682  7.876160  0.000000  0.000000  0.000  0.000    3.662957775946211  1.09840 -33.00000 -99.0000000 -18.8371731    8.8548692   0.0064834   0.000000      -0.000000    
-4.752154  3.667229 -0.307626  7.876160  0.000000  0.000000  0.000  0.000    3.664027798561779  1.09840 -33.00000 -99.0000000 -18.8371731    8.8548730   0.0064834   0.000000      -0.000000    
-4.767652  3.663356 -0.316570  7.876161  0.000000  0.000000  0.000  0.000    3.665075118984447  1.09840 -33.00000 -99.0000000 -18.8371731    8.8548767   0.0064833   0.000000      -0.000000    
-4.783179  3.659475 -0.325516  7.876161  0.000000  0.000000  0.000  0.000    3.666100181013036  1.09840 -33.00000 -99.0000000 -18.8371731    8.8548803   0.0064833   0.000000      -0.000000    
-4.798742  3.655585 -0.334463  7.876161  0.000000  0.000000  0.000  0.000    3.667103423403083  1.09840 -33.00000 -99.0000000 -18.8371731    8.8548838   0.0064833   0.000000      -0.000000    
-4.814309  3.651694 -0.343410  7.876161  0.000000  0.000000  0.000  0.000    3.668085249901059  1.09840 -33.00000 -99.0000000 -18.8371731    8.8548872   0.0064832   0.000000      -0.000000    
-4.829840  3.647812 -0.352360  7.876161  0.000000  0.000000  0.000  0.000    3.669046087013107  1.09840 -33.00000 -99.0000000 -18.8371731    8.8548905   0.0064832   0.000000      -0.000000    
-4.845363  3.643932 -0.361313  7.876161  0.000000  0.000000  0.000  0.000    3.669986108678017  1.09840 -33.00000 -99.0000000 -18.8371731    8.8548938   0.0064832   0.000000      -0.000000    
-4.860845  3.640063 -0.370268  7.876161  0.000000  0.000000  0.000  0.000    3.670905556410508  1.09840 -33.00000 -99.0000000 -18.8371731    8.8548970   0.0064832   0.000000      -0.000000    
-4.876296  3.636201 -0.379226  7.876162  0.000000  0.000000  0.000  0.000    3.671804715394965  1.09840 -33.00000 -99.0000000 -18.8371731    8.8549001   0.0064832   0.000000      -0.000000    
-4.891724  3.632344 -0.388186  7.876162  0.000000  0.000000  0.000  0.000    3.672683807306494  1.09840 -33.00000 -99.0000000 -18.8371731    8.8549032   0.0064831   0.000000      -0.000000    
-4.907149  3.628489 -0.397148  7.876162  0.000000  0.000000  0.000  0.000    3.673543099997732  1.09840 -33.00000 -99.0000000 -18.8371731    8.8549061   0.0064831   0.000000      -0.000000    
-4.922565  3.624636 -0.406112  7.876162  0.000000  0.000000  0.000  0.000    3.674382900766032  1.09840 -33.00000 -99.0000000 -18.8371731    8.8549090   0.0064831   0.000000      -0.000000    
-4.937954  3.620789 -0.415079  7.876162  0.000000  0.000000  0.000  0.000    3.675203505125828  1.09840 -33.00000 -99.0000000 -18.8371731    8.8549118   0.0064831   0.000000      -0.000000    
-4.953392  3.616930 -0.424046  7.876162  0.000000  0.000000  0.000  0.000    3.676005174349253  1.09840 -33.00000 -99.0000000 -18.8371731    8.8549146   0.0064830   0.000000      -0.000000    
-4.968861  3.613064 -0.433014  7.876162  0.000000  0.000000  0.000  0.000    3.676788298584935  1.09840 -33.00000 -99.0000000 -18.8371731    8.8549173   0.0064830   0.000000      -0.000000    
-4.984321  3.609200 -0.441985  7.876162  0.000000  0.000000  0.000  0.000    3.677553243215707  1.09840 -33.00000 -99.0000000 -18.8371731    8.8549199   0.0064830   0.000000      -0.000000    
-4.999784  3.605334 -0.450957  7.876162  0.000000  0.000000  0.000  0.000    3.678300313584969  1.09840 -33.00000 -99.0000000 -18.8371731    8.8549224   0.0064830   0.000000      -0.000000    
-5.015311  3.601453 -0.459929  7.876162  0.000000  0.000000  0.000  0.000    3.679029826889697  1.09840 -33.00000 -99.0000000 -18.8371731    8.8549249   0.0064830   0.000000      -0.000000    
-5.031259  3.597467 -0.468895  7.876163  0.000000  0.000000  0.000  0.000    3.679742162880275  1.09840 -33.00000 -99.0000000 -18.8371731    8.8549272   0.0064829   0.000000      -0.000000    
-5.047459  3.593417 -0.477857  7.876163  0.000000  0.000000  0.000  0.000    3.680438253503906  1.09840 -33.00000 -99.0000000 -18.8371731    8.8549294   0.0064829   0.000000      -0.000000    
-5.063921  3.589302 -0.486815  7.876163  0.000000  0.000000  0.000  0.000    3.681118803761568  1.09840 -33.00000 -99.0000000 -18.8371731    8.8549316   0.0064829   0.000000      -0.000000    
-5.080648  3.585121 -0.495769  7.876163  0.000000  0.000000  0.000  0.000    3.681784498414422  1.09840 -33.00000 -99.0000000 -18.8371731    8.8549336   0.0064829   0.000000      -0.000000    
-5.097584  3.580888 -0.504720  7.876163  0.000000  0.000000  0.000  0.000    3.682435939418172  1.09840 -33.00000 -99.0000000 -18.8371731    8.8549356   0.0064829   0.000000      -0.000000    
-5.114824  3.576578 -0.513665  7.876163  0.000000  0.000000  0.000  0.000    3.683073715402083  1.09840 -33.00000 -99.0000000 -18.8371731    8.8549375   0.0064829   0.000000      -0.000000    
-5.132369  3.572192 -0.522606  7.876163  0.000000  0.000000  0.000  0.000    3.683698495819807  1.09840 -33.00000 -99.0000000 -18.8371731    8.8549393   0.0064829   0.000000      -0.000000    
-5.150131  3.567752 -0.531542  7.876163  0.000000  0.000000  0.000  0.000    3.684310869179930  1.09840 -33.00000 -99.0000000 -18.8371731    8.8549410   0.0064828   0.000000      -0.000000    
-5.168293  3.563212 -0.540473  7.876163  0.000000  0.000000  0.000  0.000    3.684911354407324  1.09840 -33.00000 -99.0000000 -18.8371731    8.8549426   0.0064828   0.000000      -0.000000    
-5.186624  3.558630 -0.549400  7.876163  0.000000  0.000000  0.000  0.000    3.685500616555708  1.09840 -33.00000 -99.0000000 -18.8371731    8.8549442   0.0064828   0.000000      -0.000000    
-5.205388  3.553939 -0.558320  7.876163  0.000000  0.000000  0.000  0.000    3.686079088578627  1.09840 -33.00000 -99.0000000 -18.8371731    8.8549457   0.0064828   0.000000      -0.000000    
-5.224339  3.549202 -0.567237  7.876163  0.000000  0.000000  0.000  0.000    3.686647434074923  1.09840 -33.00000 -99.0000000 -18.8371731    8.8549472   0.0064828   0.000000      -0.000000    
-5.243725  3.544356 -0.576146  7.876163  0.000000  0.000000  0.000  0.000    3.687206055779112  1.09840 -33.00000 -99.0000000 -18.8371731    8.8549486   0.0064828   0.000000      -0.000000    
-5.263371  3.539445 -0.585050  7.876163  0.000000  0.000000  0.000  0.000    3.687755563813504  1.09840 -33.00000 -99.0000000 -18.8371731    8.8549499   0.0064828   0.000000      -0.000000    
-5.283353  3.534449 -0.593949  7.876163  0.000000  0.000000  0.000  0.000    3.688296421542729  1.09840 -33.00000 -99.0000000 -18.8371731    8.8549511   0.0064828   0.000000      -0.000000    
-5.303757  3.529349 -0.602840  7.876163  0.000000  0.000000  0.000  0.000    3.688829125068603  1.09840 -33.00000 -99.0000000 -18.8371731    8.8549523   0.0064828   0.000000      -0.000000    
-5.324376  3.524194 -0.611726  7.876163  0.000000  0.000000  0.000  0.000    3.689354252737421  1.09840 -33.00000 -99.0000000 -18.8371731    8.8549534   0.0064828   0.000000      -0.000000    
