#   log L/Lo     log Teff       B_V          V_R          V_K          R_I          J_H          H_K          V_I          U_V          BC(V)        dmag_v    log age (yr)
   0.7212627    4.9955325   -0.3475243   -0.1466676   -1.0457773   -0.2060432   -0.1508551   -0.1322861   -0.3527108   -1.6660876   -6.8066517    9.7554491    5.2291621
   0.6543775    4.9796784   -0.3466410   -0.1461506   -1.0427345   -0.2053375   -0.1503865   -0.1319349   -0.3514881   -1.6628488   -6.6814068    9.7974172    5.2789093
   0.5878185    4.9638668   -0.3458124   -0.1456631   -1.0398198   -0.2046601   -0.1499362   -0.1316009   -0.3503232   -1.6596296   -6.5560756    9.8384835    5.3272446
   0.5212766    4.9480087   -0.3449776   -0.1451733   -1.0368971   -0.2039761   -0.1494872   -0.1312728   -0.3491494   -1.6563221   -6.4302113    9.8789739    5.3744833
   0.4545685    4.9320742   -0.3441341   -0.1446801   -1.0339608   -0.2032837   -0.1490390   -0.1309506   -0.3479638   -1.6529147   -6.3035959    9.9191288    5.4208488
   0.3876282    4.9160607   -0.3432848   -0.1441844   -1.0310123   -0.2025833   -0.1485915   -0.1306348   -0.3467677   -1.6494054   -6.1762340    9.9591177    5.4666341
   0.3206876    4.9000226   -0.3424221   -0.1436840   -1.0280520   -0.2018735   -0.1481459   -0.1303272   -0.3455575   -1.6457862   -6.0486056    9.9988408    5.5120320
   0.2542278    4.8840674   -0.3415550   -0.1431833   -1.0251020   -0.2011596   -0.1477053   -0.1300305   -0.3443429   -1.6420800   -5.9216059   10.0379905    5.5571802
   0.1887148    4.8683135   -0.3406887   -0.1426855   -1.0221823   -0.2004459   -0.1472729   -0.1297474   -0.3431314   -1.6383088   -5.7962167   10.0763839    5.6022063
   0.1249689    4.8529637   -0.3398331   -0.1421962   -1.0193281   -0.1997409   -0.1468541   -0.1294817   -0.3419371   -1.6345176   -5.6741013   10.1136332    5.6472346
   0.0619465    4.8377735   -0.3389735   -0.1417071   -1.0164913   -0.1990322   -0.1464419   -0.1292295   -0.3407394   -1.6306423   -5.5533574   10.1504453    5.6924479
  -0.0002185    4.8227727   -0.3381095   -0.1412181   -1.0136735   -0.1983198   -0.1460369   -0.1289918   -0.3395379   -1.6266821   -5.4342775   10.1867779    5.7379824
  -0.0606528    4.8081715   -0.3372519   -0.1407350   -1.0109109   -0.1976125   -0.1456444   -0.1287723   -0.3383476   -1.6226875   -5.3185750   10.2221612    5.7840279
  -0.1193527    4.7939712   -0.3363991   -0.1402570   -1.0081985   -0.1969089   -0.1452639   -0.1285708   -0.3371659   -1.6186545   -5.2063164   10.2566523    5.8308038
  -0.1763136    4.7801713   -0.3355504   -0.1397833   -1.0055333   -0.1962079   -0.1448949   -0.1283875   -0.3359913   -1.6145812   -5.0975290   10.2902671    5.8785264
  -0.2314935    4.7668037   -0.3347081   -0.1393151   -1.0029215   -0.1955112   -0.1445383   -0.1282230   -0.3348263   -1.6104813   -4.9924576   10.3231454    5.9274992
  -0.2786543    4.7553701   -0.3339708   -0.1389066   -1.0006630   -0.1949005   -0.1442343   -0.1280937   -0.3338071   -1.6068473   -4.9028393   10.3514292    5.9715050
  -0.3305446    4.7427853   -0.3331391   -0.1384469   -0.9981443   -0.1942099   -0.1439002   -0.1279647   -0.3326569   -1.6026976   -4.8045208   10.3828364    6.0240261
  -0.3739374    4.7322527   -0.3324248   -0.1380529   -0.9960030   -0.1936148   -0.1436202   -0.1278680   -0.3316677   -1.5990916   -4.7225450   10.4093427    6.0708753
  -0.4225485    4.7204535   -0.3316016   -0.1375991   -0.9935567   -0.1929259   -0.1433048   -0.1277726   -0.3305250   -1.5948885   -4.6311300   10.4394554    6.1290837
  -0.4693434    4.7090937   -0.3307829   -0.1371479   -0.9911449   -0.1922371   -0.1429984   -0.1276948   -0.3293850   -1.5906592   -4.5436142   10.4689268    6.1916777
  -0.5142756    4.6981782   -0.3299697   -0.1366993   -0.9887664   -0.1915485   -0.1427007   -0.1276344   -0.3282478   -1.5864079   -4.4600439   10.4976871    6.2595442
  -0.5574526    4.6876948   -0.3291612   -0.1362527   -0.9864153   -0.1908587   -0.1424105   -0.1275910   -0.3271114   -1.5821319   -4.3803359   10.5259216    6.3338733
  -0.5991739    4.6775682   -0.3283521   -0.1358046   -0.9840709   -0.1901624   -0.1421247   -0.1275639   -0.3259670   -1.5778015   -4.3039271   10.5538160    6.4162724
  -0.6395252    4.6677766   -0.3275412   -0.1353538   -0.9817241   -0.1894572   -0.1418416   -0.1275527   -0.3248111   -1.5734073   -4.2306615   10.5814286    6.5083946
  -0.6785224    4.6583171   -0.3267285   -0.1348999   -0.9793707   -0.1887423   -0.1415604   -0.1275575   -0.3236422   -1.5689471   -4.1605268   10.6087869    6.6099205
  -0.7130007    4.6499556   -0.3259841   -0.1344818   -0.9772073   -0.1880792   -0.1413034   -0.1275751   -0.3225611   -1.5648090   -4.0991274   10.6335833    6.7066761
  -0.7450061    4.6421948   -0.3252699   -0.1340783   -0.9751200   -0.1874347   -0.1410562   -0.1276034   -0.3215130   -1.5607875   -4.0426899   10.6571593    6.7993565
  -0.7761168    4.6346494   -0.3245524   -0.1336700   -0.9730064   -0.1867780   -0.1408061   -0.1276430   -0.3204480   -1.5566933   -3.9883836   10.6806297    6.8887471
  -0.8074490    4.6270460   -0.3238050   -0.1332413   -0.9707809   -0.1860830   -0.1405422   -0.1276951   -0.3193243   -1.5523662   -3.9342772   10.7048538    6.9753857
  -0.8397436    4.6192046   -0.3230071   -0.1327792   -0.9683703   -0.1853274   -0.1402548   -0.1277623   -0.3181066   -1.5476696   -3.8791946   10.7305078    7.0595404
  -0.8734488    4.6110042   -0.3221415   -0.1322722   -0.9657040   -0.1844900   -0.1399338   -0.1278471   -0.3167622   -1.5424753   -3.8224562   10.7580323    7.1412332
  -0.9088343    4.6023936   -0.3211967   -0.1317110   -0.9627200   -0.1835521   -0.1395694   -0.1279530   -0.3152631   -1.5366746   -3.7639325   10.7879724    7.2203030
  -0.9460061    4.5933359   -0.3202038   -0.1311094   -0.9594293   -0.1825306   -0.1391531   -0.1280596   -0.3136400   -1.5303834   -3.7025776   10.8195470    7.2965099
  -0.9849358    4.5838410   -0.3190653   -0.1304075   -0.9555428   -0.1813220   -0.1386537   -0.1282057   -0.3117295   -1.5229587   -3.6412022   10.8554959    7.3696137
  -1.0255715    4.5739203   -0.3178241   -0.1296223   -0.9510593   -0.1799430   -0.1380564   -0.1283691   -0.3095653   -1.5145191   -3.5790637   10.8949466    7.4394307
  -1.0677182    4.5636215   -0.3164798   -0.1287449   -0.9458383   -0.1783657   -0.1373289   -0.1285355   -0.3071105   -1.5049041   -3.5169861   10.9382357    7.5058878
  -1.1109555    4.5530480   -0.3150416   -0.1277705   -0.9397293   -0.1765666   -0.1364327   -0.1286776   -0.3043370   -1.4939845   -3.4561293   10.9854722    7.5690263
  -1.1552960    4.5421915   -0.3135028   -0.1266824   -0.9324641   -0.1744992   -0.1353066   -0.1287482   -0.3011816   -1.4815032   -3.3969474   11.0371416    7.6289836
  -1.2002607    4.5311832   -0.3118676   -0.1254733   -0.9238111   -0.1721401   -0.1338914   -0.1286707   -0.2976134   -1.4673776   -3.3404706   11.0930765    7.6859760
  -1.2455636    4.5200765   -0.3100756   -0.1241041   -0.9133840   -0.1694437   -0.1321071   -0.1283098   -0.2935478   -1.4515600   -3.2867496   11.1526128    7.7402378
  -1.2911023    4.5089131   -0.3080928   -0.1225586   -0.9010697   -0.1664014   -0.1299334   -0.1276075   -0.2889600   -1.4341203   -3.2354085   11.2151184    7.7920045
  -1.3369566    4.4976613   -0.3057616   -0.1207609   -0.8865597   -0.1629732   -0.1273353   -0.1264291   -0.2837340   -1.4152904   -3.1849074   11.2792531    7.8415031
  -1.3832395    4.4862967   -0.3029506   -0.1186624   -0.8699242   -0.1591712   -0.1243618   -0.1247459   -0.2778336   -1.3954949   -3.1335097   11.3435626    7.8889607
  -1.4298937    4.4748371   -0.2996262   -0.1162776   -0.8516590   -0.1550785   -0.1211361   -0.1226406   -0.2713561   -1.3752642   -3.0799326   11.4066210    7.9346102
  -1.4768291    4.4632942   -0.2958541   -0.1136904   -0.8326651   -0.1508496   -0.1178438   -0.1202998   -0.2645401   -1.3551695   -3.0228982   11.4669251    7.9786654
  -1.5239626    4.4516992   -0.2918243   -0.1109825   -0.8131955   -0.1465249   -0.1145112   -0.1178062   -0.2575074   -1.3350192   -2.9637190   11.5255797    8.0213241
  -1.5712298    4.4400677   -0.2876377   -0.1082278   -0.7938070   -0.1421991   -0.1112390   -0.1152951   -0.2504269   -1.3150302   -2.9021220   11.5821506    8.0627549
  -1.6185192    4.4284225   -0.2833871   -0.1054726   -0.7747209   -0.1379066   -0.1080572   -0.1128406   -0.2433792   -1.2951767   -2.8385889   11.6368411    8.1031036
  -1.6658628    4.4167562   -0.2791183   -0.1027342   -0.7559813   -0.1336486   -0.1049656   -0.1104805   -0.2363828   -1.2753597   -2.7734362   11.6900474    8.1424951
  -1.7132787    4.4050715   -0.2748544   -0.1000184   -0.7375773   -0.1294182   -0.1019556   -0.1082347   -0.2294366   -1.2554974   -2.7069885   11.7421394    8.1810341
  -1.7607891    4.3933573   -0.2705980   -0.0973209   -0.7194437   -0.1251995   -0.0990106   -0.1061068   -0.2225204   -1.2354963   -2.6394305   11.7933574    8.2188133
  -1.8083789    4.3816156   -0.2663472   -0.0946364   -0.7015184   -0.1209797   -0.0961155   -0.1040940   -0.2156161   -1.2152969   -2.5709734   11.8438748    8.2559158
  -1.8560463    4.3698488   -0.2620953   -0.0919580   -0.6837350   -0.1167464   -0.0932556   -0.1021874   -0.2087044   -1.1948544   -2.5017874   11.8938573    8.2924175
  -1.9037872    4.3580612   -0.2578332   -0.0892783   -0.6660299   -0.1124885   -0.0904174   -0.1003756   -0.2017668   -1.1741397   -2.4320204   11.9434426    8.3283884
  -1.9516104    4.3462504   -0.2535481   -0.0865882   -0.6483341   -0.1081940   -0.0875877   -0.0986450   -0.1947822   -1.1531200   -2.3617611   11.9927413    8.3638884
  -1.9995113    4.3344157   -0.2491412   -0.0838095   -0.6301906   -0.1037655   -0.0846949   -0.0969230   -0.1875750   -1.1315782   -2.2916840   12.0424164    8.3989711
  -2.0474872    4.3225531   -0.2447504   -0.0810604   -0.6122954   -0.0993578   -0.0818458   -0.0953118   -0.1804182   -1.1098938   -2.2206549   12.0913271    8.4336834
  -2.0955366    4.3106726   -0.2402826   -0.0782685   -0.5942419   -0.0948844   -0.0789782   -0.0937479   -0.1731528   -1.0878919   -2.1493661   12.1401618    8.4680688
  -2.1441210    4.2986024   -0.2356201   -0.0753532   -0.5756686   -0.0902498   -0.0760428   -0.0922206   -0.1656031   -1.0653048   -2.0768318   12.1890885    8.5021673
  -2.1835294    4.2888065   -0.2316045   -0.0728206   -0.5601178   -0.0863334   -0.0736166   -0.0910389   -0.1591540   -1.0468953   -2.0180887   12.2288664    8.5354304
  -2.2100244    4.2821220   -0.2287407   -0.0710056   -0.5494088   -0.0836056   -0.0719700   -0.0903076   -0.1546112   -1.0344951   -1.9777166   12.2547317    8.5562697
  -2.2299665    4.2771607   -0.2265219   -0.0695950   -0.5413895   -0.0815445   -0.0707550   -0.0898085   -0.1511395   -1.0254249   -1.9475730   12.2744434    8.5761547
  -2.2448422    4.2733687   -0.2246500   -0.0683947   -0.5348859   -0.0798657   -0.0697909   -0.0894204   -0.1482603   -1.0184778   -1.9248490   12.2889087    8.5889229
  -2.2569978    4.2703475   -0.2231983   -0.0674734   -0.5299544   -0.0785831   -0.0690632   -0.0891518   -0.1460565   -1.0131143   -1.9062772   12.3007258    8.6013265
  -2.2708174    4.2668708   -0.2213178   -0.0662728   -0.5238207   -0.0769838   -0.0681795   -0.0888244   -0.1432566   -1.0068504   -1.8854170   12.3144147    8.6133855
  -2.2824235    4.2639968   -0.2198184   -0.0653273   -0.5190418   -0.0757295   -0.0674937   -0.0885924   -0.1410568   -1.0018605   -1.8676476   12.3256605    8.6251188
  -2.2953518    4.2607575   -0.2178962   -0.0641165   -0.5132229   -0.0741983   -0.0666818   -0.0883153   -0.1383148   -0.9961687   -1.8480775   12.3384111    8.6365434
  -2.3068036    4.2579213   -0.2162939   -0.0631213   -0.5084595   -0.0729387   -0.0660171   -0.0881088   -0.1360600   -0.9913578   -1.8303995   12.3493626    8.6476752
  -2.3188273    4.2549423   -0.2143268   -0.0619063   -0.5029854   -0.0714865   -0.0652810   -0.0878772   -0.1333928   -0.9862522   -1.8123048   12.3613272    8.6585287
  -2.3375281    4.2502970   -0.2114130   -0.0601441   -0.4950258   -0.0693737   -0.0642035   -0.0875598   -0.1295177   -0.9785114   -1.7832134   12.3789878    8.6743168
  -2.3652473    4.2434165   -0.2064593   -0.0572382   -0.4827623   -0.0661098   -0.0626095   -0.0871019   -0.1233480   -0.9672720   -1.7400900   12.4051624    8.6969723
  -2.4049932    4.2335781   -0.1984589   -0.0528302   -0.4654159   -0.0614901   -0.0604422   -0.0865286   -0.1143204   -0.9517365   -1.6770739   12.4415111    8.7288827
  -2.4379800    4.2254235   -0.1910346   -0.0490644   -0.4515257   -0.0578040   -0.0587666   -0.0861262   -0.1068684   -0.9392751   -1.6232669   12.4701711    8.7586082
  -2.4807802    4.2152616   -0.1813248   -0.0445400   -0.4353629   -0.0535608   -0.0568337   -0.0856787   -0.0981007   -0.9243315   -1.5536306   12.5075352    8.7864287
  -2.5084037    4.2084089   -0.1746892   -0.0416761   -0.4253058   -0.0509463   -0.0556296   -0.0854122   -0.0926224   -0.9146036   -1.5049893   12.5279527    8.8125739
  -2.5413399    4.2002401   -0.1669408   -0.0385124   -0.4142881   -0.0481033   -0.0543055   -0.0851302   -0.0866157   -0.9036385   -1.4449813   12.5502852    8.8372341
  -2.5705648    4.1929914   -0.1606490   -0.0360057   -0.4054346   -0.0458334   -0.0532209   -0.0849057   -0.0818390   -0.8945979   -1.3900177   12.5683839    8.8605689
  -2.5865100    4.1890321   -0.1575061   -0.0347579   -0.4009563   -0.0446898   -0.0526628   -0.0847921   -0.0794477   -0.8899694   -1.3593425   12.5775716    8.8754568
  -2.6202781    4.1806575   -0.1512337   -0.0322333   -0.3919077   -0.0423887   -0.0515350   -0.0845495   -0.0746220   -0.8808661   -1.2933740   12.5960234    8.8968733
  -2.6336900    4.1773248   -0.1489864   -0.0313014   -0.3884632   -0.0415175   -0.0510950   -0.0844492   -0.0728189   -0.8774239   -1.2668676   12.6030467    8.9105859
  -2.6536172    4.1723799   -0.1456779   -0.0299374   -0.3834891   -0.0402639   -0.0504654   -0.0842980   -0.0702014   -0.8725508   -1.2271164   12.6131136    8.9238788
  -2.6712536    4.1680050   -0.1428105   -0.0287295   -0.3790326   -0.0391462   -0.0498967   -0.0841503   -0.0678757   -0.8682830   -1.1920062   12.6220944    8.9367768
  -2.6892985    4.1635271   -0.1397941   -0.0274421   -0.3742629   -0.0379557   -0.0492867   -0.0839780   -0.0653978   -0.8638274   -1.1563768   12.6315772    8.9493028
  -2.7268454    4.1542002   -0.1326409   -0.0243287   -0.3626698   -0.0350873   -0.0478023   -0.0834944   -0.0594160   -0.8534891   -1.0848905   12.6539581    8.9674394
  -2.7606985    4.1457983   -0.1247979   -0.0208157   -0.3494283   -0.0318466   -0.0460942   -0.0828601   -0.0526624   -0.8422995   -1.0252616   12.6789620    8.9905665
  -2.7932515    4.1377130   -0.1162546   -0.0168581   -0.3342251   -0.0281617   -0.0441027   -0.0820710   -0.0450199   -0.8299724   -0.9721603   12.7072432    9.0125240
  -2.8256602    4.1296643   -0.1070752   -0.0124676   -0.3170195   -0.0240312   -0.0418077   -0.0811323   -0.0364988   -0.8165019   -0.9229344   12.7390390    9.0334247
  -2.8570234    4.1218766   -0.0976895   -0.0078466   -0.2986103   -0.0196517   -0.0393050   -0.0801110   -0.0274984   -0.8025932   -0.8783657   12.7728783    9.0533655
  -2.8877356    4.1142505   -0.0881036   -0.0030057   -0.2790616   -0.0150439   -0.0365947   -0.0790279   -0.0180495   -0.7883896   -0.8372981   12.8085913    9.0724307
  -2.9379861    4.1017714   -0.0716735    0.0055393   -0.2440041   -0.0068899   -0.0316067   -0.0770797   -0.0013505   -0.7644526   -0.7750266   12.8719460    9.0995456
  -2.9785998    4.0916860   -0.0577247    0.0130098   -0.2129157    0.0002306   -0.0270421   -0.0753757    0.0132404   -0.7450297   -0.7288169   12.9272706    9.1250666
  -3.0210511    4.0811426   -0.0425397    0.0213430   -0.1777632    0.0081653   -0.0217147   -0.0734693    0.0295083   -0.7251402   -0.6842316   12.9888135    9.1491708
  -3.0615029    4.0710946   -0.0275551    0.0297532   -0.1417250    0.0161833   -0.0160648   -0.0715191    0.0459365   -0.7069422   -0.6451429   13.0508543    9.1720072
  -3.1167737    4.0573639   -0.0064105    0.0419039   -0.0885124    0.0278350   -0.0073528   -0.0686527    0.0697389   -0.6837635   -0.5969074   13.1407958    9.2004113
  -3.1624588    4.0460185    0.0114793    0.0524076   -0.0412723    0.0380205    0.0007590   -0.0661165    0.0904282   -0.6663662   -0.5612284   13.2193295    9.2264276
  -3.2102559    4.0341478    0.0304061    0.0636997    0.0109567    0.0491497    0.0101036   -0.0632801    0.1128494   -0.6496097   -0.5275369   13.3051308    9.2509731
  -3.2547922    4.0230791    0.0481483    0.0744070    0.0618921    0.0598931    0.0195771   -0.0604792    0.1343001   -0.6351474   -0.4989218   13.3878564    9.2742052
  -3.2979380    4.0123591    0.0653592    0.0848722    0.1129796    0.0705832    0.0294013   -0.0576346    0.1554554   -0.6218023   -0.4733793   13.4701785    9.2962574
  -3.3433989    4.0010608    0.0835055    0.0959403    0.1683123    0.0820862    0.0403481   -0.0544850    0.1780265   -0.6079001   -0.4481835   13.5586349    9.3172437
  -3.3885958    3.9898319    0.1015571    0.1069511    0.2244886    0.0937134    0.0517011   -0.0511700    0.2006645   -0.5935747   -0.4243944   13.6478381    9.3372625
  -3.4390418    3.9772949    0.1217863    0.1192600    0.2884279    0.1068873    0.0648844   -0.0472616    0.2261473   -0.5765195   -0.3989354   13.7484941    9.3593782
  -3.4877114    3.9651951    0.1414754    0.1311693    0.3510533    0.1197597    0.0779519   -0.0432368    0.2509291   -0.5582839   -0.3749776   13.8462102    9.3809097
  -3.5365948    3.9530435    0.1614823    0.1431866    0.4146641    0.1328283    0.0912910   -0.0389185    0.2760149   -0.5376947   -0.3512420   13.9446832    9.4023478
  -3.5850968    3.9409834    0.1817063    0.1552378    0.4785941    0.1459644    0.1047032   -0.0343184    0.3012022   -0.5146281   -0.3280808   14.0427769    9.4235534
  -3.6326967    3.9291472    0.2019923    0.1672157    0.5419526    0.1590069    0.1179202   -0.0294763    0.3262225   -0.4891295   -0.3055268   14.1392227    9.4445964
  -3.6804809    3.9172661    0.2229070    0.1794534    0.6061692    0.1722832    0.1311469   -0.0242560    0.3517367   -0.4603735   -0.2831541   14.2363105    9.4657686
  -3.7296501    3.9050373    0.2452986    0.1923075    0.6728197    0.1860892    0.1446841   -0.0184719    0.3783966   -0.4271074   -0.2600351   14.3361145    9.4869419
  -3.7784191    3.8929045    0.2684186    0.2057612    0.7403418    0.2004750    0.1576019   -0.0121093    0.4062363   -0.3896665   -0.2394387   14.4374406    9.5076465
  -3.8300063    3.8800742    0.2939118    0.2202228    0.8121530    0.2157329    0.1711836   -0.0049877    0.4359557   -0.3461241   -0.2173007   14.5442706    9.5280470
  -3.8801072    3.8676103    0.3207542    0.2352043    0.8824766    0.2311621    0.1831494    0.0030065    0.4663665   -0.2973679   -0.1964178   14.6486399    9.5475373
  -3.9262959    3.8561164    0.3459124    0.2494968    0.9494030    0.2459945    0.1946704    0.0100629    0.4954912   -0.2501742   -0.1810576   14.7487515    9.5666915
  -3.9748100    3.8440474    0.3745012    0.2654609    1.0201259    0.2621669    0.2054853    0.0184702    0.5276278   -0.1944843   -0.1656357   14.8546148    9.5868399
  -4.0239391    3.8318273    0.4046955    0.2822437    1.0936013    0.2790436    0.2163305    0.0275073    0.5612874   -0.1340395   -0.1528883   14.9646902    9.6072280
  -4.0821473    3.8173479    0.4403406    0.3024641    1.1852581    0.2996801    0.2309428    0.0378928    0.6021442   -0.0615810   -0.1445873   15.1019097    9.6276352
  -4.1247444    3.8067591    0.4680941    0.3181364    1.2541572    0.3154507    0.2410975    0.0462632    0.6335871   -0.0041826   -0.1416637   15.2054789    9.6453981
  -4.1757567    3.7940812    0.5024901    0.3377454    1.3392298    0.3351365    0.2532562    0.0565466    0.6728819    0.0674998   -0.1425567   15.3339026    9.6652268
  -4.2191921    3.7832944    0.5307248    0.3543866    1.4155170    0.3522327    0.2657200    0.0645634    0.7066192    0.1261263   -0.1484610   15.4483954    9.6837090
  -4.2585022    3.7735316    0.5568085    0.3698554    1.4863452    0.3681094    0.2772275    0.0718674    0.7379648    0.1805318   -0.1567482   15.5549578    9.7018424
  -4.2931392    3.7649313    0.5801489    0.3837935    1.5498927    0.3824112    0.2874511    0.0782011    0.7662046    0.2293711   -0.1661751   15.6509773    9.7189637
  -4.3245221    3.7571381    0.6011302    0.3964431    1.6084161    0.3954824    0.2970747    0.0835582    0.7919256    0.2733902   -0.1767492   15.7400086    9.7350537
  -4.3541237    3.7497868    0.6216623    0.4088340    1.6636977    0.4081761    0.3055339    0.0885224    0.8170101    0.3165712   -0.1878412   15.8251046    9.7501649
  -4.3840306    3.7423527    0.6407178    0.4206668    1.7191005    0.4206125    0.3148768    0.0923027    0.8412793    0.3564453   -0.1991606   15.9111912    9.7639587
  -4.4111630    3.7356133    0.6598856    0.4323567    1.7694927    0.4326271    0.3219637    0.0955361    0.8649838    0.3969269   -0.2128607   15.9927224    9.7767949
  -4.4392283    3.7286344    0.6796551    0.4444941    1.8195425    0.4450970    0.3283198    0.0976409    0.8895911    0.4386705   -0.2272410   16.0772659    9.7886077
  -4.4675405    3.7215872    0.6995394    0.4567655    1.8669194    0.4577092    0.3332633    0.0979397    0.9144747    0.4807123   -0.2422764   16.1630818    9.7995440
  -4.4937867    3.7150571    0.7180354    0.4682174    1.9066766    0.4694360    0.3358359    0.0961510    0.9376535    0.5198392   -0.2563168   16.2427377    9.8097613
  -4.5224846    3.7079125    0.7381901    0.4807755    1.9439140    0.4823020    0.3356766    0.0908954    0.9630775    0.5624818   -0.2724048   16.3305705    9.8192262
  -4.5510458    3.7008013    0.7579539    0.4930990    1.9712735    0.4948650    0.3309668    0.0818106    0.9879640    0.6044055   -0.2868912   16.4164599    9.8280416
  -4.5801296    3.6935576    0.7779671    0.5056470    1.9896827    0.5076072    0.3208530    0.0693262    1.0132543    0.6468069   -0.3012748   16.5035530    9.8362289
  -4.6093163    3.6862830    0.7974488    0.5179187    1.9945363    0.5200344    0.3032563    0.0529075    1.0379532    0.6881148   -0.3139398   16.5891846    9.8437471
  -4.6396170    3.6787300    0.8156468    0.5296985    1.9834500    0.5320641    0.2763371    0.0328301    1.0617626    0.7261920   -0.3228520   16.6738486    9.8508502
  -4.6690645    3.6713884    0.8355378    0.5419919    1.9673424    0.5441456    0.2432534    0.0164816    1.0861375    0.7690002   -0.3326839   16.7572993    9.8574966
  -4.7009574    3.6634365    0.8546690    0.5541122    1.9339333    0.5560973    0.1992019   -0.0018383    1.1102095    0.8097079   -0.3384123   16.8427600    9.8636854
  -4.7318604    3.6557271    0.8721461    0.5651628    1.8889472    0.5667804    0.1513681   -0.0195630    1.1319433    0.8469490   -0.3392273   16.9208324    9.8694392
  -4.7629140    3.6479789    0.8887645    0.5757861    1.8309903    0.5768658    0.0977031   -0.0356240    1.1526519    0.8821697   -0.3393038   16.9985429    9.8748244
  -4.7948150    3.6400170    0.9058089    0.5863463    1.7591963    0.5863464    0.0435687   -0.0559478    1.1726926    0.9188063   -0.3345551   17.0735468    9.8798361
  -4.8514555    3.6258851    0.9349629    0.6044180    1.6398436    0.6014233   -0.0315606   -0.0813650    1.2058412    0.9811024   -0.3258365   17.2064294    9.8889206
  -4.8801943    3.6187137    0.9480049    0.6122482    1.5482698    0.6069420   -0.0755609   -0.1034136    1.2191901    1.0091465   -0.3127130   17.2651529    9.8929332
  -4.9098015    3.6113228    0.9593650    0.6189069    1.4601718    0.6104111   -0.1025543   -0.1238912    1.2293181    1.0334880   -0.2966321   17.3230900    9.8966449
  -4.9397682    3.6037424    0.9727533    0.6263226    1.3567177    0.6136712   -0.1402605   -0.1463429    1.2399939    1.0626796   -0.2773752   17.3787498    9.9000803
  -4.9697544    3.5961623    0.9835798    0.6321338    1.2399440    0.6143632   -0.1778234   -0.1691869    1.2464971    1.0857692   -0.2539257   17.4302658    9.9035676
  -4.9997234    3.5885867    0.9960080    0.6380700    1.1500553    0.6132359   -0.1936499   -0.1803648    1.2513059    1.1132845   -0.2317686   17.4830312    9.9069876
  -5.0300234    3.5810104    1.0072132    0.6433050    1.0317443    0.6110097   -0.2297397   -0.1985615    1.2543146    1.1376096   -0.2058917   17.5329043    9.9103567
  -5.0602435    3.5734334    1.0176039    0.6470688    0.9313704    0.6042291   -0.2403280   -0.2100628    1.2512979    1.1605320   -0.1784659   17.5810288    9.9138567
  -5.0898956    3.5658656    1.0283972    0.6509178    0.8252438    0.5968662   -0.2641663   -0.2201158    1.2477840    1.1840037   -0.1515205   17.6282137    9.9174567
  -5.1245689    3.5542576    1.0440493    0.6543148    0.6668158    0.5775005   -0.2827253   -0.2372258    1.2318153    1.2188685   -0.1068059   17.6701823    9.9197878
