#   log L/Lo    log Teff       B_V          V_R          V_K          R_I          J_H          H_K          V_I          U_V          BC(V)        dmag_v      log age(yr)
   0.3343902    4.9877010   -0.3471559   -0.1464455   -1.0444469   -0.2057333   -0.1506493   -0.1321370   -0.3521788   -1.6646354   -6.7436792   10.6596578    5.3547286
   0.2783004    4.9740959   -0.3463987   -0.1460039   -1.0418496   -0.2051291   -0.1502503   -0.1318393   -0.3511330   -1.6618254   -6.6362416   10.6924447    5.3862738
   0.2231408    4.9606985   -0.3457060   -0.1455943   -1.0393849   -0.2045565   -0.1498687   -0.1315570   -0.3501507   -1.6590871   -6.5301076   10.7242098    5.4194509
   0.1750187    4.9490011   -0.3450778   -0.1452278   -1.0372104   -0.2040465   -0.1495358   -0.1313139   -0.3492743   -1.6566188   -6.4374003   10.7518077    5.4502724
   0.1327832    4.9387319   -0.3445449   -0.1449137   -1.0353239   -0.2036036   -0.1492461   -0.1311044   -0.3485173   -1.6544437   -6.3558970   10.7758932    5.4790507
   0.0954215    4.9296427   -0.3440489   -0.1446266   -1.0336316   -0.2032024   -0.1489897   -0.1309213   -0.3478290   -1.6524574   -6.2837518   10.7971522    5.5060400
   0.0621726    4.9215539   -0.3436254   -0.1443780   -1.0321433   -0.2028497   -0.1487629   -0.1307608   -0.3472277   -1.6506914   -6.2194824   10.8160050    5.5314497
   0.0199394    4.9112786   -0.3430762   -0.1440581   -1.0302434   -0.2023966   -0.1484755   -0.1305599   -0.3464547   -1.6484009   -6.1378217   10.8399273    5.5669771
  -0.0308675    4.8989085   -0.3424050   -0.1436696   -1.0279496   -0.2018455   -0.1481310   -0.1303231   -0.3455151   -1.6455810   -6.0394797   10.8686026    5.6153498
  -0.0879741    4.8850029   -0.3416483   -0.1432324   -1.0253722   -0.2012217   -0.1477459   -0.1300637   -0.3444542   -1.6423409   -5.9288920   10.9007814    5.6790978
  -0.1464219    4.8707747   -0.3408655   -0.1427823   -1.0227304   -0.2005767   -0.1473544   -0.1298065   -0.3433590   -1.6389364   -5.8157301   10.9337390    5.7583707
  -0.2010815    4.8574842   -0.3401252   -0.1423587   -1.0202569   -0.1999669   -0.1469908   -0.1295742   -0.3423257   -1.6356683   -5.7100539   10.9647118    5.8507964
  -0.2508979    4.8453900   -0.3394461   -0.1419709   -1.0179987   -0.1994055   -0.1466611   -0.1293695   -0.3413765   -1.6326182   -5.6139391   10.9931380    5.9605588
  -0.2935625    4.8350597   -0.3388562   -0.1416363   -1.0160642   -0.1989201   -0.1463813   -0.1292008   -0.3405563   -1.6299458   -5.5318979   11.0177583    6.0860375
  -0.3282879    4.8266907   -0.3383753   -0.1413636   -1.0144902   -0.1985225   -0.1461548   -0.1290676   -0.3398860   -1.6277372   -5.4654849   11.0381588    6.2173278
  -0.3562517    4.8199704   -0.3379833   -0.1411427   -1.0132242   -0.1982002   -0.1459741   -0.1289640   -0.3393429   -1.6259298   -5.4121947   11.0547781    6.3398778
  -0.3814509    4.8139297   -0.3376307   -0.1409432   -1.0120791   -0.1979078   -0.1458108   -0.1288721   -0.3388510   -1.6242832   -5.3643295   11.0699108    6.4556399
  -0.4066743    4.8078746   -0.3372721   -0.1407416   -1.0109293   -0.1976121   -0.1456482   -0.1287827   -0.3383537   -1.6226053   -5.3163904   11.0850302    6.5664968
  -0.4336454    4.8013873   -0.3368847   -0.1405241   -1.0096919   -0.1972921   -0.1454740   -0.1286891   -0.3378162   -1.6207790   -5.2650784   11.1011461    6.6738732
  -0.4634811    4.7941939   -0.3364487   -0.1402808   -1.0083184   -0.1969340   -0.1452824   -0.1285896   -0.3372148   -1.6187152   -5.2082483   11.1189051    6.7787070
  -0.4969387    4.7861074   -0.3359542   -0.1400043   -1.0067598   -0.1965254   -0.1450659   -0.1284805   -0.3365297   -1.6163485   -5.1444570   11.1387579    6.8814729
  -0.5344912    4.7770083   -0.3353890   -0.1396893   -1.0049927   -0.1960580   -0.1448226   -0.1283630   -0.3357473   -1.6136198   -5.0728116   11.1609937    6.9821787
  -0.5763582    4.7668446   -0.3347456   -0.1393315   -1.0029992   -0.1955255   -0.1445508   -0.1282388   -0.3348570   -1.6104831   -4.9929803   11.1858300    7.0804445
  -0.6224352    4.7556365   -0.3340196   -0.1389300   -1.0007828   -0.1949255   -0.1442530   -0.1281128   -0.3338555   -1.6069082   -4.9052056   11.2132478    7.1756444
  -0.6724628    4.7434475   -0.3332103   -0.1384825   -0.9983290   -0.1942532   -0.1439271   -0.1279864   -0.3327358   -1.6028725   -4.8100992   11.2432103    7.2671153
  -0.7260017    4.7303826   -0.3323181   -0.1379908   -0.9956609   -0.1935105   -0.1435789   -0.1278677   -0.3315013   -1.5983669   -4.7085639   11.2755223    7.3542884
  -0.7824721    4.7165852   -0.3313449   -0.1374549   -0.9927823   -0.1926960   -0.1432098   -0.1277616   -0.3301509   -1.5933845   -4.6018744   11.3100088    7.4368211
  -0.8412746    4.7022011   -0.3302904   -0.1368736   -0.9896885   -0.1918062   -0.1428198   -0.1276727   -0.3286798   -1.5879056   -4.4913969   11.3465376    7.5146582
  -0.9020022    4.6873271   -0.3291495   -0.1362436   -0.9863685   -0.1908341   -0.1424091   -0.1276080   -0.3270777   -1.5818842   -4.3781520   11.3851117    7.5880219
  -0.9642135    4.6720706   -0.3279176   -0.1355606   -0.9828014   -0.1897707   -0.1419757   -0.1275743   -0.3253313   -1.5752686   -4.2632732   11.4257611    7.6572994
  -1.0274343    4.6565530   -0.3265907   -0.1348199   -0.9789588   -0.1886052   -0.1415158   -0.1275787   -0.3234251   -1.5680003   -4.1480421   11.4685820    7.7229600
  -1.0912938    4.6408664   -0.3251624   -0.1340143   -0.9747911   -0.1873214   -0.1410216   -0.1276282   -0.3213357   -1.5599935   -4.0335613   11.5137500    7.7854851
  -1.1554209    4.6250975   -0.3236263   -0.1331349   -0.9702282   -0.1858990   -0.1404805   -0.1277287   -0.3190340   -1.5511378   -3.9209534   11.5614598    7.8453293
  -1.2193170    4.6093823   -0.3219826   -0.1321748   -0.9651886   -0.1843173   -0.1398749   -0.1278835   -0.3164921   -1.5413282   -3.8117461   11.6119928    7.9028699
  -1.2833661    4.5936123   -0.3202536   -0.1311361   -0.9595711   -0.1825649   -0.1391741   -0.1280724   -0.3137010   -1.5305141   -3.7047391   11.6651085    7.9583968
  -1.3479280    4.5777060   -0.3183201   -0.1299346   -0.9528580   -0.1804838   -0.1383018   -0.1283237   -0.3104184   -1.5177496   -3.6028536   11.7246278    8.0121768
  -1.4129761    4.5616661   -0.3162326   -0.1285754   -0.9447947   -0.1780452   -0.1371815   -0.1285824   -0.3066207   -1.5028872   -3.5058279   11.7902223    8.0644781
  -1.4784044    4.5455233   -0.3139945   -0.1270299   -0.9348278   -0.1751550   -0.1356813   -0.1287545   -0.3021849   -1.4853938   -3.4150621   11.8630273    8.1155447
  -1.5467789    4.5283199   -0.3114347   -0.1251390   -0.9213003   -0.1714705   -0.1334687   -0.1286248   -0.2966095   -1.4633554   -3.3266631   11.9455645    8.1655842
  -1.5962117    4.5159391   -0.3093940   -0.1235631   -0.9090742   -0.1683531   -0.1313508   -0.1281227   -0.2919161   -1.4451536   -3.2678678   12.0103512    8.2119458
  -1.6285810    4.5076999   -0.3078754   -0.1223809   -0.8995941   -0.1660418   -0.1296679   -0.1275160   -0.2884228   -1.4320436   -3.2302625   12.0536691    8.2403139
  -1.6553373    4.5010205   -0.3064950   -0.1213213   -0.8910780   -0.1640259   -0.1281458   -0.1268317   -0.2853471   -1.4209689   -3.2000890   12.0903864    8.2669421
  -1.6824139    4.4942617   -0.3049657   -0.1201586   -0.8817421   -0.1618610   -0.1264722   -0.1259724   -0.2820196   -1.4093838   -3.1697662   12.1277551    8.2920315
  -1.7067733    4.4882278   -0.3034665   -0.1190377   -0.8728332   -0.1598303   -0.1248779   -0.1250596   -0.2788680   -1.3988290   -3.1425315   12.1614189    8.3157503
  -1.7211465    4.4846826   -0.3025280   -0.1183470   -0.8674025   -0.1586060   -0.1239091   -0.1244645   -0.2769530   -1.3926028   -3.1262583   12.1810787    8.3308725
  -1.7476846    4.4780993   -0.3006129   -0.1169749   -0.8569265   -0.1562547   -0.1220610   -0.1232661   -0.2732296   -1.3809859   -3.0955489   12.2167146    8.3526120
  -1.7692976    4.4727776   -0.2989718   -0.1158260   -0.8483175   -0.1543342   -0.1205543   -0.1222349   -0.2701602   -1.3716970   -3.0698618   12.2450599    8.3733150
  -1.7925999    4.4670054   -0.2970978   -0.1145311   -0.8387559   -0.1522075   -0.1188925   -0.1210571   -0.2667386   -1.3615769   -3.0416414   12.2750953    8.3930758
  -1.8139489    4.4617411   -0.2953265   -0.1133182   -0.8298867   -0.1502402   -0.1173598   -0.1199372   -0.2635584   -1.3523293   -3.0155508   12.3023772    8.4119765
  -1.8261240    4.4587539   -0.2943119   -0.1126258   -0.8248412   -0.1491236   -0.1164904   -0.1192883   -0.2617495   -1.3471159   -3.0004915   12.3177557    8.4241349
  -1.8499334    4.4528805   -0.2922268   -0.1112421   -0.8150250   -0.1469371   -0.1148205   -0.1180346   -0.2581793   -1.3369806   -2.9701636   12.3469513    8.4417572
  -1.8695881    4.4480195   -0.2904830   -0.1100808   -0.8067792   -0.1451042   -0.1134205   -0.1169640   -0.2551850   -1.3285283   -2.9449717   12.3708961    8.4586922
  -1.8901949    4.4429334   -0.2886394   -0.1088718   -0.7983088   -0.1432129   -0.1119939   -0.1158680   -0.2520847   -1.3198126   -2.9179477   12.3953891    8.4749916
  -1.9096743    4.4381400   -0.2868863   -0.1077271   -0.7903352   -0.1414282   -0.1106574   -0.1148358   -0.2491553   -1.3115984   -2.8922344   12.4183743    8.4907013
  -1.9290031    4.4333836   -0.2851399   -0.1065950   -0.7825055   -0.1396689   -0.1093519   -0.1138276   -0.2462639   -1.3034897   -2.8663670   12.4408289    8.5058625
  -1.9612455    4.4254200   -0.2822000   -0.1047065   -0.7695629   -0.1367432   -0.1072086   -0.1121802   -0.2414497   -1.2899567   -2.8224288   12.4774966    8.5276558
  -2.0008629    4.4156452   -0.2786125   -0.1024210   -0.7540287   -0.1332017   -0.1046553   -0.1102423   -0.2356227   -1.2734544   -2.7673921   12.5215035    8.5484076
  -2.0237660    4.4099997   -0.2765413   -0.1010968   -0.7450560   -0.1311452   -0.1031864   -0.1091380   -0.2322420   -1.2638648   -2.7354121   12.5467813    8.5683226
  -2.0511325    4.4032416   -0.2740770   -0.0995405   -0.7345957   -0.1287264   -0.1014841   -0.1078864   -0.2282668   -1.2524582   -2.6965285   12.5763139    8.5873643
  -2.0641479    4.4000304   -0.2728827   -0.0987727   -0.7294330   -0.1275333   -0.1006441   -0.1072666   -0.2263060   -1.2469092   -2.6783141   12.5906380    8.5996102
  -2.0820103    4.3956152   -0.2712454   -0.0977359   -0.7225047   -0.1259202   -0.0995216   -0.1064561   -0.2236561   -1.2393044   -2.6530061   12.6099860    8.6115202
  -2.0905918    4.3935035   -0.2705011   -0.0972656   -0.7193675   -0.1251856   -0.0990144   -0.1060972   -0.2224513   -1.2358146   -2.6404742   12.6189078    8.6192826
  -2.1020767    4.3906537   -0.2694365   -0.0965934   -0.7148939   -0.1241381   -0.0982918   -0.1055846   -0.2207315   -1.2308537   -2.6241355   12.6312814    8.6269086
  -2.1080711    4.3891775   -0.2688859   -0.0962404   -0.7125468   -0.1235894   -0.0979128   -0.1053139   -0.2198298   -1.2282925   -2.6156550   12.6377868    8.6319192
  -2.1153822    4.3873676   -0.2682389   -0.0958360   -0.7098626   -0.1229559   -0.0974804   -0.1050160   -0.2187919   -1.2252478   -2.6049420   12.6453516    8.6368727
  -2.1227638    4.3855386   -0.2675713   -0.0954165   -0.7070818   -0.1223000   -0.0970327   -0.1047065   -0.2177165   -1.2221143   -2.5942431   12.6531068    8.6417703
  -2.1298601    4.3838024   -0.2669307   -0.0950126   -0.7044076   -0.1216691   -0.0966023   -0.1044091   -0.2166817   -1.2191118   -2.5841418   12.6607462    8.6466134
  -2.1420440    4.3807903   -0.2658291   -0.0943241   -0.6998541   -0.1205898   -0.0958705   -0.1039123   -0.2149139   -1.2139182   -2.5664916   12.6735557    8.6537781
  -2.1525204    4.3781906   -0.2648635   -0.0937144   -0.6958299   -0.1196367   -0.0952241   -0.1034720   -0.2133510   -1.2093830   -2.5513704   12.6846255    8.6608265
  -2.1629438    4.3756216   -0.2639204   -0.0931217   -0.6919238   -0.1187078   -0.0945975   -0.1030519   -0.2118295   -1.2049318   -2.5362893   12.6956029    8.6677624
  -2.1734758    4.3730120   -0.2629649   -0.0925225   -0.6879801   -0.1177674   -0.0939654   -0.1026330   -0.2102899   -1.2004098   -2.5209161   12.7065597    8.6745893
  -2.1911449    4.3686474   -0.2613646   -0.0915227   -0.6814101   -0.1161951   -0.0929137   -0.1019465   -0.2077178   -1.1928087   -2.4951672   12.7249836    8.6846324
  -2.2164768    4.3623813   -0.2591058   -0.0901199   -0.6722072   -0.1139782   -0.0914427   -0.1010149   -0.2040981   -1.1819809   -2.4577165   12.7508626    8.6992747
  -2.2533865    4.3532481   -0.2557240   -0.0880071   -0.6584224   -0.1106477   -0.0892440   -0.0996403   -0.1986548   -1.1658377   -2.4036149   12.7890353    8.7203522
  -2.2907519    4.3439922   -0.2522868   -0.0858637   -0.6445137   -0.1072638   -0.0870310   -0.0983044   -0.1931275   -1.1493832   -2.3484543   12.8272882    8.7434061
  -2.3321480    4.3337488   -0.2484563   -0.0834841   -0.6291656   -0.1035037   -0.0845954   -0.0968882   -0.1869878   -1.1310284   -2.2871092   12.8694333    8.7679757
  -2.3701388    4.3243455   -0.2448239   -0.0812210   -0.6148381   -0.0999655   -0.0823403   -0.0956281   -0.1811865   -1.1139798   -2.2308694   12.9081705    8.7912294
  -2.4063049    4.3156172   -0.2412864   -0.0790061   -0.6013851   -0.0965900   -0.0802616   -0.0945662   -0.1755961   -1.0981825   -2.1784830   12.9461994    8.8133011
  -2.4434140    4.3064002   -0.2372729   -0.0764802   -0.5870214   -0.0929054   -0.0781062   -0.0936208   -0.1693856   -1.0817703   -2.1227016   12.9831907    8.8343050
  -2.4790213    4.2975562   -0.2329351   -0.0737467   -0.5727929   -0.0891762   -0.0760583   -0.0928685   -0.1629229   -1.0664163   -2.0688265   13.0183339    8.8543399
  -2.5140735    4.2888445   -0.2280842   -0.0707408   -0.5584964   -0.0853593   -0.0740946   -0.0922752   -0.1561002   -1.0518189   -2.0150829   13.0522208    8.8734911
  -2.5484215    4.2803110   -0.2226576   -0.0674865   -0.5442408   -0.0815183   -0.0722220   -0.0917767   -0.1490049   -1.0380901   -1.9615996   13.0846075    8.8918334
  -2.5813580    4.2721264   -0.2167834   -0.0641342   -0.5305881   -0.0778192   -0.0705016   -0.0913749   -0.1419534   -1.0254081   -1.9092906   13.1146398    8.9094322
  -2.6263724    4.2609368   -0.2077290   -0.0593275   -0.5122111   -0.0728644   -0.0682611   -0.0908595   -0.1321919   -1.0087759   -1.8358054   13.1536906    8.9311411
  -2.6635881    4.2516861   -0.1995843   -0.0553643   -0.4977868   -0.0690059   -0.0665412   -0.0904782   -0.1243702   -0.9956013   -1.7728445   13.1837689    8.9509611
  -2.7080716    4.2406285   -0.1898016   -0.0509313   -0.4817948   -0.0647857   -0.0646192   -0.0900274   -0.1157170   -0.9805745   -1.6947731   13.2169063    8.9721845
  -2.7458303    4.2312396   -0.1817027   -0.0475001   -0.4695092   -0.0615807   -0.0631336   -0.0896668   -0.1090809   -0.9686603   -1.6257039   13.2422338    8.9918250
  -2.7857217    4.2213189   -0.1739250   -0.0442666   -0.4577495   -0.0585404   -0.0616849   -0.0892982   -0.1028070   -0.9571181   -1.5502136   13.2664720    9.0106156
  -2.8271116    4.2110264   -0.1668478   -0.0413391   -0.4469301   -0.0557646   -0.0603285   -0.0889413   -0.0971038   -0.9464168   -1.4691383   13.2888715    9.0286268
  -2.8694667    4.2004957   -0.1604504   -0.0386214   -0.4366450   -0.0531509   -0.0590155   -0.0885560   -0.0917722   -0.9364341   -1.3845179   13.3101388    9.0459206
  -2.9115164    4.1900350   -0.1540881   -0.0358384   -0.4259711   -0.0504676   -0.0576415   -0.0880904   -0.0863060   -0.9265138   -1.3009817   13.3317268    9.0625521
  -2.9531449    4.1796775   -0.1466346   -0.0325235   -0.4132078   -0.0472964   -0.0559981   -0.0874460   -0.0798199   -0.9152224   -1.2219593   13.3567757    9.0791018
  -2.9953655    4.1691728   -0.1376435   -0.0284118   -0.3971308   -0.0433453   -0.0539065   -0.0865481   -0.0717571   -0.9015490   -1.1474160   13.3877839    9.0955666
  -3.0370455    4.1588042   -0.1276318   -0.0236841   -0.3782869   -0.0387594   -0.0514160   -0.0854383   -0.0624435   -0.8859961   -1.0793062   13.4238741    9.1118395
  -3.0788119    4.1484153   -0.1167849   -0.0184028   -0.3568287   -0.0335869   -0.0485280   -0.0841444   -0.0519897   -0.8687250   -1.0158961   13.4648800    9.1280619
  -3.1197072    4.1382427   -0.1055176   -0.0127647   -0.3335915   -0.0280378   -0.0453424   -0.0827522   -0.0408025   -0.8505805   -0.9579093   13.5091314    9.1441822
  -3.1655189    4.1268373   -0.0921944   -0.0059235   -0.3050875   -0.0213027   -0.0413534   -0.0810882   -0.0272263   -0.8292681   -0.8972097   13.5629611    9.1604310
  -3.2010192    4.1180053   -0.0813784   -0.0002430   -0.2812321   -0.0157275   -0.0379445   -0.0797374   -0.0159706   -0.8123961   -0.8531354   13.6076375    9.1751807
  -3.2424781    4.1076857   -0.0681863    0.0068307   -0.2513116   -0.0088153   -0.0335733   -0.0780864   -0.0019846   -0.7926614   -0.8047416   13.6628910    9.1916586
  -3.2816178    4.0979457   -0.0551963    0.0139472   -0.2209498   -0.0018905   -0.0290156   -0.0764584    0.0120568   -0.7743711   -0.7620861   13.7180847    9.2075341
  -3.3237836    4.0874490   -0.0406587    0.0220832   -0.1858284    0.0060129   -0.0235769   -0.0746130    0.0280962   -0.7553870   -0.7193597   13.7807728    9.2236974
  -3.3676525    4.0765309   -0.0250591    0.0310044   -0.1466562    0.0147070   -0.0172926   -0.0725722    0.0457114   -0.7366746   -0.6784293   13.8495147    9.2390559
  -3.4057399    4.0670488   -0.0111753    0.0390940   -0.1104560    0.0226404   -0.0112747   -0.0706857    0.0617344   -0.7214848   -0.6456519   13.9119558    9.2530763
  -3.4433007    4.0576991    0.0027426    0.0473275   -0.0728681    0.0307866   -0.0047976   -0.0687424    0.0781141   -0.7076012   -0.6156814   13.9758873    9.2674276
  -3.4786519    4.0489020    0.0159556    0.0552421   -0.0359748    0.0387148    0.0017438   -0.0667965    0.0939569   -0.6952369   -0.5894340   14.0380179    9.2820918
  -3.5173674    4.0392611    0.0305500    0.0640643    0.0060472    0.0476630    0.0094461   -0.0645786    0.1117273   -0.6825885   -0.5625503   14.1079229    9.2977834
  -3.5554104    4.0297869    0.0449417    0.0728224    0.0486652    0.0566791    0.0174559   -0.0622567    0.1295015   -0.6705464   -0.5376972   14.1781774    9.3132853
  -3.5939724    4.0201830    0.0595915    0.0817744    0.0931283    0.0660181    0.0260570   -0.0598203    0.1477925   -0.6587278   -0.5138962   14.2507813    9.3287173
  -3.6336028    4.0103122    0.0746918    0.0910060    0.1397950    0.0757764    0.0352585   -0.0571700    0.1667824   -0.6463602   -0.4904167   14.3263778    9.3438649
  -3.6729083    4.0005220    0.0897423    0.1001914    0.1869535    0.0855945    0.0447275   -0.0544043    0.1857859   -0.6336488   -0.4678884   14.4021133    9.3584159
  -3.7126406    3.9906234    0.1050395    0.1094918    0.2353310    0.0956256    0.0545973   -0.0514790    0.2051173   -0.6200794   -0.4455895   14.4791451    9.3725983
  -3.7531366    3.9805328    0.1207516    0.1190132    0.2853836    0.1059783    0.0649098   -0.0483150    0.2249915   -0.6050631   -0.4234279   14.5582235    9.3862632
  -3.7930594    3.9705844    0.1364395    0.1284539    0.3352420    0.1162824    0.0752267   -0.0450026    0.2447364   -0.5888288   -0.4017264   14.6363290    9.3994370
  -3.8335160    3.9605013    0.1525402    0.1380586    0.3861176    0.1267848    0.0857900   -0.0414662    0.2648434   -0.5708239   -0.3796225   14.7153666    9.4122532
  -3.8738621    3.9504471    0.1689024    0.1477685    0.4375506    0.1374070    0.0964501   -0.0376986    0.2851755   -0.5509778   -0.3580473   14.7946567    9.4246919
  -3.9152341    3.9401339    0.1860466    0.1578546    0.4907690    0.1484162    0.1074060   -0.0335735    0.3062708   -0.5285230   -0.3360105   14.8760499    9.4368419
  -3.9569024    3.9297466    0.2037518    0.1681748    0.5447536    0.1596289    0.1183795   -0.0291420    0.3278037   -0.5035825   -0.3138342   14.9580443    9.4486778
  -3.9986276    3.9193452    0.2232633    0.1791176    0.5984551    0.1710781    0.1280954   -0.0232775    0.3501957   -0.4734424   -0.2891637   15.0376869    9.4601607
  -4.0416688    3.9086128    0.2425188    0.1903360    0.6560394    0.1832327    0.1395172   -0.0184116    0.3735687   -0.4427052   -0.2689971   15.1251233    9.4714062
  -4.0846021    3.8979053    0.2643067    0.2019207    0.7111231    0.1949565    0.1489356   -0.0114156    0.3968771   -0.4052978   -0.2415762   15.2050356    9.4822677
  -4.1284160    3.8869821    0.2817623    0.2122261    0.7805306    0.2069912    0.1674862   -0.0070213    0.4192173   -0.3771132   -0.2338795   15.3068736    9.4929025
  -4.1725344    3.8759801    0.3070648    0.2267633    0.8326493    0.2214647    0.1713730   -0.0002201    0.4482280   -0.3284262   -0.2061020   15.3893922    9.5032562
  -4.2164680    3.8650228    0.3310159    0.2401367    0.8938625    0.2351971    0.1813084    0.0067489    0.4753338   -0.2827339   -0.1879418   15.4810660    9.5134032
  -4.2610791    3.8539036    0.3557133    0.2539291    0.9580853    0.2493913    0.1920087    0.0140133    0.5033204   -0.2344294   -0.1723926   15.5770445    9.5234416
  -4.3058331    3.8427425    0.3829540    0.2689680    1.0224346    0.2644457    0.2009106    0.0222293    0.5334137   -0.1796176   -0.1574080   15.6739449    9.5333682
  -4.3502002    3.8316846    0.4097556    0.2840429    1.0893069    0.2797592    0.2110114    0.0300963    0.5638021   -0.1251337   -0.1472965   15.7747512    9.5431663
  -4.3933897    3.8209160    0.4359254    0.2989690    1.1570685    0.2950452    0.2217665    0.0377093    0.5940142   -0.0715102   -0.1413289   15.8767573    9.5528060
  -4.4296109    3.8118949    0.4588002    0.3120184    1.2152550    0.3083113    0.2305821    0.0444748    0.6203297   -0.0241659   -0.1386266   15.9646080    9.5620069
  -4.4629995    3.8035723    0.4799394    0.3242394    1.2706221    0.3208191    0.2392774    0.0506246    0.6450585    0.0196813   -0.1386440   16.0480969    9.5711084
  -4.4918335    3.7963917    0.4982047    0.3349584    1.3196096    0.3318529    0.2472031    0.0557630    0.6668114    0.0575326   -0.1405376   16.1220754    9.5798252
  -4.5416514    3.7839498    0.5302729    0.3539061    1.4066588    0.3513878    0.2613378    0.0646642    0.7052939    0.1243116   -0.1472467   16.2533294    9.5956529
  -4.5642328    3.7783249    0.5443958    0.3624436    1.4470748    0.3603190    0.2683517    0.0683093    0.7227626    0.1536160   -0.1519230   16.3144592    9.6028183
  -4.5860772    3.7728871    0.5591413    0.3711422    1.4859715    0.3692062    0.2742010    0.0723098    0.7403484    0.1846664   -0.1567868   16.3739339    9.6095821
  -4.6083404    3.7673481    0.5738978    0.3799993    1.5261020    0.3783419    0.2804942    0.0760417    0.7583412    0.2155925   -0.1626868   16.4354920    9.6159593
  -4.6298338    3.7619982    0.5882762    0.3886226    1.5649302    0.3872249    0.2864331    0.0795365    0.7758476    0.2458486   -0.1690858   16.4956244    9.6218268
  -4.6517644    3.7565344    0.6023780    0.3972908    1.6050991    0.3963159    0.2930372    0.0824889    0.7936067    0.2753148   -0.1768642   16.5582293    9.6273375
  -4.6736958    3.7510699    0.6172055    0.4062889    1.6445702    0.4056012    0.2987677    0.0853922    0.8118901    0.3065040   -0.1849896   16.6211833    9.6324870
  -4.6953833    3.7456661    0.6315223    0.4150940    1.6831322    0.4147763    0.3043637    0.0875576    0.8298703    0.3365561   -0.1937316   16.6841440    9.6372413
  -4.7176869    3.7401081    0.6460914    0.4240135    1.7211326    0.4240565    0.3093581    0.0892737    0.8480700    0.3673769   -0.2020928   16.7482642    9.6417366
  -4.7399079    3.7345688    0.6611591    0.4332727    1.7579114    0.4336350    0.3134415    0.0899528    0.8669076    0.3991729   -0.2121998   16.8139236    9.6458988
  -4.7621029    3.7290342    0.6763635    0.4426197    1.7922489    0.4432501    0.3162722    0.0895583    0.8858698    0.4312879   -0.2222076   16.8794190    9.6498011
  -4.7837683    3.7236321    0.6912763    0.4518447    1.8233846    0.4527580    0.3177811    0.0876310    0.9046027    0.4627845   -0.2331461   16.9445210    9.6534443
  -4.8055037    3.7182114    0.7060952    0.4610916    1.8510353    0.4623132    0.3176278    0.0837732    0.9234047    0.4940154   -0.2446107   17.0103241    9.6568444
  -4.8279064    3.7126250    0.7212346    0.4704838    1.8739959    0.4719118    0.3148949    0.0781814    0.9423956    0.5260292   -0.2541645   17.0758846    9.6600172
  -4.8496729    3.7071978    0.7357618    0.4795625    1.8894631    0.4812009    0.3089969    0.0695743    0.9607634    0.5566830   -0.2638141   17.1399505    9.6629640
  -4.8719147    3.7016483    0.7508711    0.4889647    1.8989754    0.4907433    0.2991925    0.0587784    0.9797081    0.5887268   -0.2737936   17.2055345    9.6657270
  -4.8943126    3.6960590    0.7653964    0.4981101    1.9010057    0.5000500    0.2852997    0.0459951    0.9981602    0.6194021   -0.2824399   17.2701756    9.6683098
  -4.9165790    3.6905028    0.7803441    0.5074046    1.8969831    0.5093598    0.2669495    0.0328239    1.0167644    0.6512049   -0.2910601   17.3344617    9.6707206
  -4.9388766    3.6849407    0.7933764    0.5157119    1.8843959    0.5177484    0.2448584    0.0187804    1.0334602    0.6785606   -0.2945574   17.3937030    9.6729683
  -4.9614150    3.6793143    0.8070128    0.5242854    1.8649858    0.5262873    0.2174849    0.0045487    1.0505728    0.7075576   -0.2989404   17.4544321    9.6750658
  -4.9833678    3.6738344    0.8196841    0.5323121    1.8369450    0.5342321    0.1855408   -0.0096881    1.0665442    0.7343931   -0.3020336   17.5124072    9.6770249
  -5.0053201    3.6683545    0.8327292    0.5404219    1.8102051    0.5420613    0.1540772   -0.0209510    1.0824832    0.7622789   -0.3037109   17.5689653    9.6789856
  -5.0272710    3.6628701    0.8447744    0.5480215    1.7733260    0.5493416    0.1183279   -0.0331494    1.0973631    0.7878248   -0.3036710   17.6238027    9.6809501
  -5.0492263    3.6573901    0.8557922    0.5549820    1.7302332    0.5558813    0.0817362   -0.0454718    1.1108633    0.8111931   -0.3002282   17.6752481    9.6829021
  -5.0711808    3.6519101    0.8670465    0.5619450    1.6800420    0.5621549    0.0436890   -0.0586200    1.1240999    0.8352841   -0.2960832   17.7259894    9.6848601
  -5.0931301    3.6464301    0.8790584    0.5693771    1.6256546    0.5686425    0.0059242   -0.0721236    1.1380196    0.8609089   -0.2955388   17.7803182    9.6868203
  -5.1150829    3.6409501    0.8895676    0.5757898    1.5663706    0.5739047   -0.0290068   -0.0875060    1.1496945    0.8833492   -0.2876778   17.8273392    9.6887780
  -5.1370370    3.6354701    0.8975696    0.5807200    1.4996684    0.5776203   -0.0627547   -0.1050485    1.1583403    0.9001764   -0.2712323   17.8657790    9.6907320
  -5.1590054    3.6299901    0.9093019    0.5876803    1.4316748    0.5825444   -0.0948170   -0.1191077    1.1702246    0.9254922   -0.2697485   17.9192162    9.6926990
