#  log L/Lo      log Teff      B_V          V_R          V_K          R_I          J_H          H_K          V_I          U_V          BC(V)        dmag_v      log age(yr)
   0.4744971    4.9982087   -0.3476855   -0.1467594   -1.0463302   -0.2061679   -0.1509423   -0.1323567   -0.3529273   -1.6666609   -6.8272494   10.3929608    5.2172664
   0.4249590    4.9862467   -0.3470272   -0.1463734   -1.0440514   -0.2056406   -0.1505904   -0.1320918   -0.3520140   -1.6642420   -6.7328146   10.4223713    5.2494456
   0.3759416    4.9744014   -0.3463967   -0.1460036   -1.0418492   -0.2051299   -0.1502500   -0.1318376   -0.3511335   -1.6618382   -6.6391304   10.4512305    5.2819134
   0.3277604    4.9627509   -0.3457934   -0.1456473   -1.0397077   -0.2046323   -0.1499186   -0.1315922   -0.3502796   -1.6594619   -6.5468025   10.4793556    5.3147087
   0.2799984    4.9511934   -0.3451758   -0.1452864   -1.0375641   -0.2041302   -0.1495900   -0.1313518   -0.3494167   -1.6570368   -6.4551764   10.5071345    5.3479168
   0.2325693    4.9396949   -0.3445748   -0.1449331   -1.0354481   -0.2036333   -0.1492654   -0.1311169   -0.3485664   -1.6546031   -6.3638984   10.5344293    5.3816286
   0.1858510    4.9283594   -0.3439684   -0.1445797   -1.0333511   -0.2031371   -0.1489465   -0.1308891   -0.3477168   -1.6521442   -6.2738649   10.5611916    5.4160146
   0.1401103    4.9172610   -0.3433783   -0.1442355   -1.0313036   -0.2026503   -0.1486359   -0.1306702   -0.3468858   -1.6497005   -6.1856525   10.5873309    5.4511372
   0.0952724    4.9063680   -0.3427883   -0.1438940   -1.0292875   -0.2021675   -0.1483324   -0.1304596   -0.3460615   -1.6472470   -6.0990407   10.6128139    5.4871808
   0.0512896    4.8956846   -0.3422185   -0.1435623   -1.0273169   -0.2016939   -0.1480358   -0.1302569   -0.3452562   -1.6448108   -6.0140546   10.6377848    5.5243301
   0.0081296    4.8851926   -0.3416466   -0.1432323   -1.0253732   -0.2012230   -0.1477458   -0.1300621   -0.3444552   -1.6423607   -5.9305864   10.6622165    5.5628124
  -0.0343056    4.8748701   -0.3410798   -0.1429062   -1.0234589   -0.2007562   -0.1474618   -0.1298748   -0.3436624   -1.6399032   -5.8484611   10.6861792    5.6029037
  -0.0757845    4.8647782   -0.3405210   -0.1425858   -1.0215838   -0.2002958   -0.1471852   -0.1296959   -0.3428816   -1.6374518   -5.7681870   10.7096024    5.6449417
  -0.1164086    4.8548904   -0.3399687   -0.1422702   -1.0197432   -0.1998407   -0.1469153   -0.1295251   -0.3421109   -1.6350016   -5.6895555   10.7325312    5.6893272
  -0.1562548    4.8451889   -0.3394217   -0.1419585   -1.0179324   -0.1993899   -0.1466514   -0.1293619   -0.3413483   -1.6325474   -5.6124451   10.7550363    5.7365846
  -0.1949632    4.8357652   -0.3388876   -0.1416543   -1.0161671   -0.1989475   -0.1463954   -0.1292072   -0.3406018   -1.6301168   -5.5375871   10.7769493    5.7874157
  -0.2327452    4.8265694   -0.3383576   -0.1413542   -1.0144387   -0.1985107   -0.1461469   -0.1290611   -0.3398650   -1.6276904   -5.4646015   10.7984186    5.8426863
  -0.2691737    4.8177092   -0.3378412   -0.1410629   -1.0127675   -0.1980852   -0.1459084   -0.1289247   -0.3391481   -1.6253033   -5.3943409   10.8192293    5.9035298
  -0.3041723    4.8091951   -0.3373391   -0.1407804   -1.0111545   -0.1976713   -0.1456797   -0.1287979   -0.3384517   -1.6229601   -5.3268994   10.8392843    5.9713873
  -0.3376118    4.8010749   -0.3368543   -0.1405084   -1.0096085   -0.1972716   -0.1454621   -0.1286809   -0.3377800   -1.6206777   -5.2626584   10.8586420    6.0480884
  -0.3693939    4.7933717   -0.3363887   -0.1402479   -1.0081344   -0.1968876   -0.1452562   -0.1285738   -0.3371355   -1.6184673   -5.2017970   10.8772359    6.1359019
  -0.3958320    4.7869689   -0.3359982   -0.1400291   -1.0068981   -0.1965639   -0.1450841   -0.1284868   -0.3365930   -1.6165954   -5.1512801   10.8928142    6.2210903
  -0.4182138    4.7815635   -0.3356636   -0.1398429   -1.0058543   -0.1962882   -0.1449403   -0.1284166   -0.3361312   -1.6149872   -5.1086861   10.9061747    6.3022778
  -0.4380050    4.7767881   -0.3353665   -0.1396766   -1.0049190   -0.1960410   -0.1448112   -0.1283545   -0.3357176   -1.6135463   -5.0711056   10.9180722    6.3800820
  -0.4563427    4.7723654   -0.3350877   -0.1395218   -1.0040558   -0.1958108   -0.1446934   -0.1282999   -0.3353326   -1.6121921   -5.0363412   10.9291521    6.4550887
  -0.4740855    4.7680880   -0.3348159   -0.1393709   -1.0032166   -0.1955861   -0.1445793   -0.1282484   -0.3349570   -1.6108654   -5.0027573   10.9399252    6.5278169
  -0.4918761    4.7637998   -0.3345409   -0.1392183   -1.0023703   -0.1953585   -0.1444647   -0.1281980   -0.3345769   -1.6095176   -4.9691306   10.9507750    6.5987109
  -0.5101989    4.7593807   -0.3342551   -0.1390599   -1.0014934   -0.1951217   -0.1443465   -0.1281475   -0.3341815   -1.6081101   -4.9345184   10.9619698    6.6681336
  -0.5294030    4.7547397   -0.3339518   -0.1388928   -1.0005775   -0.1948719   -0.1442246   -0.1280981   -0.3337647   -1.6066108   -4.8982121   10.9736737    6.7363445
  -0.5497437    4.7498197   -0.3336275   -0.1387134   -0.9995911   -0.1946025   -0.1440931   -0.1280458   -0.3333159   -1.6049981   -4.8597780   10.9860914    6.8035017
  -0.5714076    4.7445707   -0.3332777   -0.1385200   -0.9985322   -0.1943118   -0.1439528   -0.1279924   -0.3328318   -1.6032500   -4.8188337   10.9993069    6.8696690
  -0.5945030    4.7389668   -0.3328998   -0.1383120   -0.9974015   -0.1939983   -0.1438047   -0.1279397   -0.3323103   -1.6013512   -4.7751917   11.0134033    6.9348234
  -0.6190772    4.7330025   -0.3324924   -0.1380876   -0.9961857   -0.1936593   -0.1436463   -0.1278865   -0.3317470   -1.5992920   -4.7288305   11.0284777    6.9988680
  -0.6451494    4.7266620   -0.3320530   -0.1378455   -0.9948789   -0.1932925   -0.1434773   -0.1278334   -0.3311380   -1.5970566   -4.6796569   11.0444845    7.0616625
  -0.6727173    4.7199553   -0.3315804   -0.1375852   -0.9934795   -0.1928967   -0.1432977   -0.1277817   -0.3304819   -1.5946364   -4.6277839   11.0615313    7.1230372
  -0.7016944    4.7128994   -0.3310739   -0.1373061   -0.9919872   -0.1924711   -0.1431079   -0.1277324   -0.3297772   -1.5920245   -4.5733804   11.0795706    7.1828101
  -0.7320250    4.7055053   -0.3305320   -0.1370074   -0.9903973   -0.1920138   -0.1429075   -0.1276868   -0.3290212   -1.5892084   -4.5165848   11.0986015    7.2408152
  -0.7635845    4.6978036   -0.3299544   -0.1366888   -0.9887107   -0.1915242   -0.1426970   -0.1276463   -0.3282130   -1.5861832   -4.4576823   11.1185977    7.2969190
  -0.7962553    4.6898252   -0.3293409   -0.1363500   -0.9869262   -0.1910011   -0.1424765   -0.1276125   -0.3273511   -1.5829420   -4.3969698   11.1395622    7.3510331
  -0.8299178    4.6816039   -0.3286912   -0.1359905   -0.9850419   -0.1904435   -0.1422460   -0.1275869   -0.3264340   -1.5794776   -4.3347714   11.1615201    7.4031208
  -0.8644610    4.6731524   -0.3280035   -0.1356089   -0.9830518   -0.1898485   -0.1420049   -0.1275713   -0.3254575   -1.5757739   -4.2712485   11.1843552    7.4532028
  -0.8997930    4.6645085   -0.3272772   -0.1352045   -0.9809500   -0.1892142   -0.1417523   -0.1275669   -0.3244187   -1.5718198   -4.2067800   11.2082167    7.5013330
  -0.9357941    4.6556876   -0.3265106   -0.1347756   -0.9787279   -0.1885372   -0.1414872   -0.1275758   -0.3233128   -1.5675963   -4.1415590   11.2329984    7.5475969
  -0.9724210    4.6467116   -0.3257020   -0.1343204   -0.9763734   -0.1878136   -0.1412079   -0.1275997   -0.3221340   -1.5630816   -4.0758515   11.2588582    7.5921037
  -1.0094027    4.6376445   -0.3248535   -0.1338393   -0.9738841   -0.1870425   -0.1409132   -0.1276400   -0.3208818   -1.5582740   -4.0102331   11.2856940    7.6349767
  -1.0468248    4.6284586   -0.3239592   -0.1333275   -0.9712294   -0.1862148   -0.1405986   -0.1276985   -0.3195423   -1.5531203   -3.9446236   11.3136398    7.6763408
  -1.0844729    4.6192150   -0.3230214   -0.1327849   -0.9683994   -0.1853283   -0.1402612   -0.1277760   -0.3181131   -1.5476109   -3.8795943   11.3427306    7.7163288
  -1.1223468    4.6099135   -0.3220369   -0.1322076   -0.9653617   -0.1843741   -0.1398951   -0.1278733   -0.3165817   -1.5416970   -3.8152902   11.3731114    7.7550631
  -1.1601689    4.6006235   -0.3210585   -0.1316231   -0.9622075   -0.1833933   -0.1395026   -0.1279689   -0.3150164   -1.5356437   -3.7510838   11.4034602    7.7926557
  -1.1979987    4.5913224   -0.3199792   -0.1309688   -0.9586526   -0.1822818   -0.1390563   -0.1281007   -0.3132507   -1.5287986   -3.6896825   11.4366334    7.8292041
  -1.2357326    4.5820419   -0.3188564   -0.1302734   -0.9547831   -0.1810801   -0.1385560   -0.1282472   -0.3113534   -1.5214231   -3.6300314   11.4713170    7.8647933
  -1.2735408    4.5727399   -0.3176843   -0.1295287   -0.9505089   -0.1797684   -0.1379830   -0.1284012   -0.3092971   -1.5134028   -3.5720672   11.5078734    7.8994972
  -1.3115251    4.5633920   -0.3164596   -0.1287276   -0.9457276   -0.1783261   -0.1373145   -0.1285515   -0.3070537   -1.5046168   -3.5158775   11.5466444    7.9333904
  -1.3496888    4.5539958   -0.3151824   -0.1278635   -0.9403213   -0.1767325   -0.1365228   -0.1286791   -0.3045960   -1.4949472   -3.4616980   11.5878741    7.9665469
  -1.3880242    4.5445486   -0.3138510   -0.1269285   -0.9341428   -0.1749643   -0.1355731   -0.1287539   -0.3018929   -1.4842656   -3.4097381   11.6317527    7.9990384
  -1.4265139    4.5350602   -0.3124610   -0.1259136   -0.9270224   -0.1729982   -0.1344253   -0.1287311   -0.2989118   -1.4724628   -3.3601908   11.6784297    8.0309327
  -1.4651295    4.5255374   -0.3109747   -0.1247928   -0.9186929   -0.1708003   -0.1330239   -0.1285236   -0.2955931   -1.4594714   -3.3129864   11.7277643    8.0622913
  -1.5038174    4.5159941   -0.3093887   -0.1235642   -0.9091091   -0.1683664   -0.1313579   -0.1281121   -0.2919307   -1.4452780   -3.2679720   11.7794696    8.0931683
  -1.5425589    4.5064351   -0.3076207   -0.1221858   -0.8980354   -0.1656701   -0.1293904   -0.1273964   -0.2878560   -1.4299921   -3.2244760   11.8328274    8.1236123
  -1.5813482    4.4968631   -0.3055862   -0.1206221   -0.8854166   -0.1627074   -0.1271287   -0.1263272   -0.2833295   -1.4138428   -3.1815723   11.8868970    8.1536657
  -1.6202238    4.4872648   -0.3032121   -0.1188490   -0.8713543   -0.1594948   -0.1246146   -0.1249022   -0.2783438   -1.3971208   -3.1381858   11.9406994    8.1833645
  -1.6593732    4.4775722   -0.3004268   -0.1168586   -0.8561644   -0.1560789   -0.1219352   -0.1231815   -0.2729375   -1.3801770   -3.0926495   11.9930366    8.2127421
  -1.6943061    4.4689136   -0.2977192   -0.1149576   -0.8418969   -0.1529042   -0.1194376   -0.1214500   -0.2678618   -1.3648785   -3.0511430   12.0388624    8.2415090
  -1.7313868    4.4594582   -0.2945290   -0.1127853   -0.8260817   -0.1493915   -0.1167096   -0.1194586   -0.2621768   -1.3483684   -3.0039395   12.0843607    8.2684883
  -1.7546495    4.4535666   -0.2924823   -0.1114097   -0.8161920   -0.1471971   -0.1150175   -0.1181842   -0.2586069   -1.3381658   -2.9737039   12.1122818    8.2846143
  -1.7726087    4.4491287   -0.2908966   -0.1103476   -0.8086111   -0.1455146   -0.1137271   -0.1171974   -0.2558622   -1.3304030   -2.9508876   12.1343635    8.3001628
  -1.7920385    4.4441697   -0.2891050   -0.1091720   -0.8003659   -0.1436741   -0.1123371   -0.1161316   -0.2528461   -1.3219140   -2.9245692   12.1566196    8.3151738
  -1.8064858    4.4406172   -0.2878284   -0.1083388   -0.7945479   -0.1423726   -0.1113602   -0.1153792   -0.2507113   -1.3159073   -2.9053493   12.1735179    8.3296833
  -1.8228203    4.4364872   -0.2862948   -0.1073348   -0.7875581   -0.1408079   -0.1101897   -0.1144723   -0.2481426   -1.3087239   -2.8834092   12.1924141    8.3437237
  -1.8358454    4.4332842   -0.2851374   -0.1065879   -0.7824007   -0.1396470   -0.1093310   -0.1138109   -0.2462348   -1.3033535   -2.8657062   12.2072738    8.3573243
  -1.8502520    4.4296847   -0.2838211   -0.1057422   -0.7765921   -0.1383354   -0.1083675   -0.1130704   -0.2440776   -1.2972791   -2.8457954   12.2233795    8.3705119
  -1.8629136    4.4265550   -0.2826615   -0.1049923   -0.7714371   -0.1371713   -0.1075131   -0.1124113   -0.2421636   -1.2919103   -2.8286394   12.2378775    8.3833109
  -1.8711949    4.4244840   -0.2819139   -0.1045105   -0.7681328   -0.1364229   -0.1069668   -0.1119918   -0.2409335   -1.2884448   -2.8170025   12.2469439    8.3916386
  -1.8846607    4.4211515   -0.2806773   -0.1037216   -0.7627615   -0.1352009   -0.1060824   -0.1113179   -0.2389225   -1.2827615   -2.7984534   12.2620593    8.4038383
  -1.9047760    4.4161690   -0.2788307   -0.1025429   -0.7547562   -0.1333743   -0.1047679   -0.1103205   -0.2359172   -1.2742601   -2.7705565   12.2844506    8.4215184
  -1.9419378    4.4069746   -0.2754573   -0.1004050   -0.7403278   -0.1300556   -0.1024117   -0.1085642   -0.2304606   -1.2586841   -2.7181829   12.3249815    8.4467581
  -1.9632135    4.4017370   -0.2735399   -0.0991830   -0.7320982   -0.1281531   -0.1010717   -0.1075777   -0.2273361   -1.2497571   -2.6882080   12.3481958    8.4691322
  -1.9785534    4.3979323   -0.2721696   -0.0983171   -0.7262946   -0.1268021   -0.1001303   -0.1068988   -0.2251193   -1.2433535   -2.6660598   12.3643975    8.4834325
  -1.9937656    4.3941928   -0.2708022   -0.0974528   -0.7205176   -0.1254536   -0.0991949   -0.1062294   -0.2229064   -1.2369627   -2.6444299   12.3807980    8.4972769
  -2.0091476    4.3903790   -0.2694118   -0.0965759   -0.7146707   -0.1240831   -0.0982501   -0.1055622   -0.2206589   -1.2304420   -2.6222577   12.3970809    8.5106936
  -2.0342968    4.3841684   -0.2671418   -0.0951494   -0.7051914   -0.1218494   -0.0967221   -0.1045026   -0.2169988   -1.2197544   -2.5860606   12.4237567    8.5300721
  -2.0457548    4.3813441   -0.2660842   -0.0944716   -0.7006973   -0.1207919   -0.0959981   -0.1039970   -0.2152635   -1.2147942   -2.5698232   12.4361643    8.5425268
  -2.0609370    4.3775896   -0.2647433   -0.0936350   -0.6951593   -0.1194739   -0.0951084   -0.1034035   -0.2131090   -1.2084048   -2.5475155   12.4518121    8.5546342
  -2.0747610    4.3741861   -0.2634912   -0.0928460   -0.6899501   -0.1182351   -0.0942722   -0.1028430   -0.2110811   -1.2024694   -2.5276009   12.4664575    8.5664133
  -2.0889636    4.3706746   -0.2622123   -0.0920437   -0.6846608   -0.1169717   -0.0934243   -0.1022852   -0.2090153   -1.1963736   -2.5068794   12.4812425    8.5778813
  -2.1027829    4.3672660   -0.2609635   -0.0912593   -0.6795011   -0.1157363   -0.0925980   -0.1017469   -0.2069956   -1.1904155   -2.4867871   12.4956985    8.5890542
  -2.1165599    4.3638597   -0.2597174   -0.0904779   -0.6743688   -0.1145035   -0.0917770   -0.1012195   -0.2049814   -1.1844523   -2.4666432   12.5099971    8.5999469
  -2.1395143    4.3581894   -0.2576421   -0.0891823   -0.6658724   -0.1124538   -0.0904192   -0.1003648   -0.2016360   -1.1744732   -2.4330252   12.5337651    8.6157903
  -2.1721472    4.3501300   -0.2546615   -0.0873170   -0.6536923   -0.1095036   -0.0884764   -0.0991643   -0.1968206   -1.1601421   -2.3852623   12.5675844    8.6385216
  -2.1996562    4.3433344   -0.2521958   -0.0857839   -0.6437020   -0.1070645   -0.0868849   -0.0982221   -0.1928484   -1.1481525   -2.3443757   12.5954703    8.6601221
  -2.2276918    4.3363994   -0.2495441   -0.0841181   -0.6329445   -0.1044401   -0.0851764   -0.0972021   -0.1885582   -1.1355067   -2.3034682   12.6246518    8.6806989
  -2.2724882    4.3253232   -0.2453638   -0.0815174   -0.6162145   -0.1003227   -0.0825247   -0.0956969   -0.1818402   -1.1154019   -2.2371687   12.6703434    8.7093579
  -2.3045134    4.3174066   -0.2423210   -0.0796223   -0.6042264   -0.0973463   -0.0806380   -0.0946787   -0.1769686   -1.1009911   -2.1895446   12.7027823    8.7343308
  -2.3397008    4.3087054   -0.2388323   -0.0774405   -0.5908892   -0.0939925   -0.0785685   -0.0936473   -0.1714330   -1.0851458   -2.1370945   12.7383007    8.7579454
  -2.3727470    4.3005211   -0.2352782   -0.0751952   -0.5779609   -0.0906879   -0.0766123   -0.0927769   -0.1658831   -1.0703638   -2.0877273   12.7715489    8.7803419
  -2.4052274    4.2924772   -0.2314529   -0.0727755   -0.5649934   -0.0873123   -0.0747135   -0.0920481   -0.1600878   -1.0561567   -2.0388458   12.8038685    8.8016398
  -2.4353508    4.2852941   -0.2276063   -0.0703539   -0.5530155   -0.0841477   -0.0730279   -0.0914844   -0.1545016   -1.0438291   -1.9949361   12.8352673    8.8219419
  -2.4669698    4.2774433   -0.2229955   -0.0675202   -0.5399043   -0.0806441   -0.0712467   -0.0909643   -0.1481643   -1.0307837   -1.9462125   12.8655912    8.8413372
  -2.4975657    4.2698452   -0.2179338   -0.0645145   -0.5269888   -0.0771714   -0.0695637   -0.0905131   -0.1416860   -1.0185944   -1.8984361   12.8943045    8.8599032
  -2.5432167    4.2585051   -0.2093206   -0.0597060   -0.5078115   -0.0720055   -0.0671653   -0.0899300   -0.1317115   -1.0011019   -1.8255186   12.9355145    8.8843527
  -2.5769606    4.2501228   -0.2020890   -0.0559873   -0.4939713   -0.0682959   -0.0655011   -0.0895340   -0.1242832   -0.9887167   -1.7699564   12.9643121    8.9060332
  -2.6138954    4.2409450   -0.1939001   -0.0520690   -0.4796989   -0.0645083   -0.0637868   -0.0891326   -0.1165773   -0.9755809   -1.7071606   12.9938533    8.9266827
  -2.6327123    4.2362710   -0.1895687   -0.0501352   -0.4728508   -0.0627022   -0.0629728   -0.0889519   -0.1128375   -0.9690992   -1.6742382   13.0079731    8.9399230
  -2.6734114    4.2261577   -0.1805833   -0.0462337   -0.4588370   -0.0590456   -0.0612771   -0.0885376   -0.1052793   -0.9556896   -1.6012300   13.0367126    8.9590561
  -2.7055334    4.2181742   -0.1738597   -0.0434709   -0.4489311   -0.0564835   -0.0600679   -0.0882429   -0.0999544   -0.9458668   -1.5412903   13.0570779    8.9773817
  -2.7383514    4.2100190   -0.1676275   -0.0409106   -0.4396059   -0.0540873   -0.0589115   -0.0879493   -0.0949978   -0.9366212   -1.4784275   13.0762601    8.9949652
  -2.7700873    4.2021326   -0.1621753   -0.0386540   -0.4312795   -0.0519608   -0.0578655   -0.0876727   -0.0906148   -0.9284158   -1.4162098   13.0933822    9.0118644
  -2.8007208    4.1945159   -0.1573820   -0.0366431   -0.4237629   -0.0500527   -0.0569101   -0.0874072   -0.0866958   -0.9210840   -1.3550349   13.1087910    9.0281306
  -2.8477121    4.1828283   -0.1502139   -0.0335447   -0.4119829   -0.0470905   -0.0553953   -0.0869316   -0.0806352   -0.9099736   -1.2613897   13.1326241    9.0497791
  -2.8840039    4.1738034   -0.1436885   -0.0306640   -0.4009898   -0.0443597   -0.0539825   -0.0864042   -0.0750236   -0.9001926   -1.1921884   13.1541523    9.0689126
  -2.9300739    4.1623516   -0.1337161   -0.0261345   -0.3834548   -0.0400530   -0.0517080   -0.0854608   -0.0661875   -0.8852795   -1.1106938   13.1878327    9.0899014
  -2.9730103    4.1516689   -0.1230712   -0.0211201   -0.3636024   -0.0352316   -0.0490867   -0.0843143   -0.0563517   -0.8689881   -1.0410261   13.2255060    9.1089179
  -3.0171411    4.1406962   -0.1111835   -0.0153253   -0.3402034   -0.0296067   -0.0459339   -0.0829363   -0.0449320   -0.8503965   -0.9749866   13.2697935    9.1271365
  -3.0591152    4.1302617   -0.0991649   -0.0092868   -0.3154470   -0.0237173   -0.0425258   -0.0814939   -0.0330041   -0.8314584   -0.9166890   13.3164312    9.1444234
  -3.1012034    4.1197944   -0.0865009   -0.0027546   -0.2883153   -0.0173369   -0.0387097   -0.0799292   -0.0200915   -0.8116507   -0.8621666   13.3671292    9.1615268
  -3.1428122    4.1094446   -0.0733503    0.0041958   -0.2592069   -0.0105740   -0.0345166   -0.0783050   -0.0063782   -0.7917835   -0.8118434   13.4208281    9.1784156
  -3.1841854    4.0991533   -0.0596702    0.0115950   -0.2279337   -0.0034035   -0.0298893   -0.0766060    0.0081915   -0.7721561   -0.7652375   13.4776552    9.1951607
  -3.2252291    4.0889439   -0.0455598    0.0193985   -0.1945571    0.0041453   -0.0248042   -0.0748159    0.0235437   -0.7531645   -0.7222905   13.5373174    9.2117900
  -3.2651236    4.0790192   -0.0313510    0.0274232   -0.1597683    0.0119081   -0.0193249   -0.0729832    0.0393313   -0.7355310   -0.6836492   13.5984123    9.2283319
  -3.3054249    4.0689929   -0.0166058    0.0359162   -0.1223092    0.0201582   -0.0132106   -0.0710289    0.0560744   -0.7187834   -0.6476012   13.6631176    9.2450278
  -3.3445439    4.0592597   -0.0020138    0.0444669   -0.0838137    0.0285379   -0.0067076   -0.0690038    0.0730047   -0.7035477   -0.6153561   13.7286700    9.2616369
  -3.3850885    4.0491711    0.0133161    0.0535842   -0.0418432    0.0375741    0.0006475   -0.0667987    0.0911584   -0.6889294   -0.5845262   13.7992016    9.2784038
  -3.4243489    4.0394036    0.0282947    0.0626001    0.0006378    0.0466323    0.0083543   -0.0645510    0.1092324   -0.6757591   -0.5569609   13.8697873    9.2946872
  -3.4656202    4.0291318    0.0441098    0.0721984    0.0469351    0.0564277    0.0170046   -0.0620403    0.1286261   -0.6625539   -0.5299402   13.9459448    9.3108684
  -3.5063478    4.0189949    0.0597717    0.0817494    0.0940621    0.0663232    0.0260821   -0.0594548    0.1480726   -0.6500080   -0.5049107   14.0227344    9.3262388
  -3.5453240    4.0092920    0.0747973    0.0909359    0.1402868    0.0759778    0.0351903   -0.0568471    0.1669137   -0.6379631   -0.4821663   14.0974304    9.3410258
  -3.5804135    4.0005604    0.0883617    0.0992202    0.1826122    0.0847845    0.0436692   -0.0543780    0.1840047   -0.6267789   -0.4623790   14.1653668    9.3556783
  -3.6182218    3.9911445    0.1030593    0.1081710    0.2289506    0.0943890    0.0531019   -0.0516033    0.2025600   -0.6141732   -0.4416021   14.2391107    9.3713318
  -3.6563041    3.9816600    0.1179423    0.1171961    0.2761997    0.1041500    0.0628442   -0.0486796    0.2213462   -0.6006295   -0.4210318   14.3137462    9.3870593
  -3.6945974    3.9721238    0.1330388    0.1263213    0.3243267    0.1140848    0.0728159   -0.0455499    0.2404060   -0.5857242   -0.4008157   14.3892634    9.4027598
  -3.7416223    3.9604119    0.1518424    0.1375947    0.3840239    0.1263946    0.0852395   -0.0414753    0.2639894   -0.5655352   -0.3761064   14.4821163    9.4183647
  -3.7714138    3.9529930    0.1638891    0.1447506    0.4219521    0.1342126    0.0931390   -0.0387659    0.2789632   -0.5515935   -0.3601872   14.5406759    9.4311556
  -3.8056275    3.9444681    0.1779703    0.1531007    0.4662049    0.1433421    0.1023299   -0.0354688    0.2964427   -0.5341844   -0.3425518   14.6085747    9.4435806
  -3.8393315    3.9360737    0.1921496    0.1614286    0.5101124    0.1524174    0.1113871   -0.0320425    0.3138460   -0.5155234   -0.3252675   14.6755504    9.4556599
  -3.8810275    3.9256840    0.2100667    0.1718896    0.5648276    0.1637765    0.1225248   -0.0275315    0.3356661   -0.4902689   -0.3039635   14.7584864    9.4697048
  -3.9209018    3.9157489    0.2278530    0.1821584    0.6174612    0.1748220    0.1329108   -0.0228403    0.3569804   -0.4633966   -0.2835883   14.8377970    9.4830684
  -3.9626440    3.9053449    0.2468067    0.1929004    0.6728770    0.1863217    0.1440418   -0.0178884    0.3792220   -0.4333967   -0.2620328   14.9205970    9.4963219
  -4.0040168    3.8950336    0.2668627    0.2043098    0.7289415    0.1983529    0.1542841   -0.0120503    0.4026628   -0.3993592   -0.2422239   15.0042201    9.5091198
  -4.0451971    3.8847702    0.2866287    0.2157501    0.7859119    0.2105716    0.1650918   -0.0067252    0.4263218   -0.3648027   -0.2249298   15.0898767    9.5217284
  -4.0890891    3.8738343    0.3083577    0.2280889    0.8476738    0.2236392    0.1768604   -0.0006459    0.4517282   -0.3253588   -0.2071038   15.1817807    9.5342039
  -4.1320447    3.8631263    0.3308394    0.2406256    0.9106224    0.2367474    0.1887514    0.0062063    0.4773730   -0.2830696   -0.1923638   15.2744297    9.5461293
  -4.1757392    3.8522365    0.3576209    0.2553498    0.9697238    0.2512935    0.1956438    0.0142151    0.5066433   -0.2300652   -0.1726072   15.3639093    9.5578610
  -4.2195348    3.8413253    0.3838800    0.2699920    1.0334622    0.2660762    0.2049233    0.0219423    0.5360683   -0.1775681   -0.1590710   15.4598621    9.5693382
  -4.2636152    3.8303383    0.4112174    0.2851508    1.0997035    0.2812941    0.2144910    0.0302994    0.5664449   -0.1218439   -0.1483205   15.5593127    9.5806451
  -4.3064771    3.8196596    0.4379227    0.3003596    1.1665023    0.2967426    0.2244688    0.0379771    0.5971022   -0.0671626   -0.1420430   15.6601899    9.5917180
  -4.3455994    3.8099164    0.4630268    0.3145954    1.2294517    0.3111325    0.2338002    0.0455234    0.6257278   -0.0151302   -0.1391325   15.7550852    9.6025383
  -4.3818035    3.8009012    0.4860370    0.3279587    1.2898369    0.3248134    0.2433399    0.0521244    0.6527721    0.0324892   -0.1396592   15.8461221    9.6131099
  -4.4132319    3.7930757    0.5062095    0.3397624    1.3437010    0.3369302    0.2519858    0.0578859    0.6766926    0.0743909   -0.1422410   15.9272749    9.6233540
  -4.4412447    3.7861054    0.5243197    0.3504364    1.3925762    0.3479076    0.2598771    0.0629773    0.6983440    0.1121087   -0.1459699   16.0010358    9.6331446
  -4.4664520    3.7798294    0.5407961    0.3601993    1.4372820    0.3579524    0.2670973    0.0675145    0.7181517    0.1464976   -0.1505574   16.0686415    9.6423801
  -4.4900394    3.7739637    0.5561944    0.3693906    1.4796844    0.3674474    0.2740154    0.0716490    0.7368380    0.1786955   -0.1558900   16.1329426    9.6510659
  -4.5128927    3.7682714    0.5714524    0.3785210    1.5210654    0.3768396    0.2805492    0.0756276    0.7553606    0.2106462   -0.1617706   16.1959565    9.6591940
  -4.5350109    3.7627638    0.5858497    0.3872708    1.5616970    0.3859499    0.2873043    0.0790970    0.7732206    0.2407176   -0.1686320   16.2581134    9.6668017
  -4.5572999    3.7572018    0.6004280    0.3961358    1.6026355    0.3951892    0.2939631    0.0823457    0.7913249    0.2713144   -0.1763365   16.3215404    9.6738929
  -4.5789567    3.7518140    0.6154844    0.4051765    1.6420589    0.4044335    0.2995269    0.0858035    0.8096100    0.3031200   -0.1840270   16.3833729    9.6804280
  -4.6008439    3.7463673    0.6303301    0.4142255    1.6817170    0.4137823    0.3052804    0.0885680    0.8280077    0.3343623   -0.1928104   16.4468743    9.6866531
  -4.6254565    3.7402322    0.6461068    0.4240031    1.7250599    0.4240416    0.3117260    0.0906221    0.8480447    0.3675013   -0.2025022   16.5180976    9.6924712
  -4.6456809    3.7351974    0.6599104    0.4324682    1.7596941    0.4327816    0.3159364    0.0918470    0.8652498    0.3966394   -0.2116440   16.5778004    9.6978811
  -4.6685653    3.7294660    0.6759030    0.4423052    1.7976000    0.4429105    0.3197621    0.0922175    0.8852157    0.4304092   -0.2230847   16.6464521    9.7029913
  -4.6901091    3.7241007    0.6908178    0.4515259    1.8304785    0.4524102    0.3221488    0.0910939    0.9039362    0.4619012   -0.2341992   16.7114261    9.7076887
  -4.7122719    3.7185700    0.7062772    0.4611000    1.8613946    0.4622320    0.3230531    0.0886416    0.9233320    0.4945579   -0.2455900   16.7782239    9.7121533
  -4.7344883    3.7130326    0.7213005    0.4704402    1.8861382    0.4718257    0.3214759    0.0833311    0.9422660    0.5263421   -0.2560881   16.8442630    9.7163277
  -4.7568975    3.7074480    0.7364496    0.4798926    1.9059336    0.4815092    0.3171968    0.0758258    0.9614018    0.5583943   -0.2667132   16.9109111    9.7202012
  -4.7789780    3.7019454    0.7514821    0.4892567    1.9201644    0.4910197    0.3099118    0.0669242    0.9802765    0.5902320   -0.2765400   16.9759391    9.7238472
  -4.8014883    3.6963312    0.7663829    0.4985924    1.9264314    0.5004959    0.2982904    0.0551064    0.9990883    0.6217682   -0.2855793   17.0412542    9.7272578
  -4.8241458    3.6906772    0.7811699    0.5079010    1.9253115    0.5099163    0.2820272    0.0416202    1.0178173    0.6530342   -0.2942022   17.1065208    9.7304519
  -4.8465741    3.6850838    0.7951564    0.5167564    1.9168529    0.5188559    0.2615336    0.0276478    1.0356123    0.6825925   -0.3006754   17.1690648    9.7334385
  -4.8691410    3.6794588    0.8094553    0.5256946    1.9028017    0.5277361    0.2367755    0.0140839    1.0534307    0.7130516   -0.3063967   17.2312034    9.7362325
  -4.8918909    3.6737812    0.8228385    0.5341723    1.8788721    0.5361652    0.2063261   -0.0002379    1.0703375    0.7414165   -0.3102514   17.2919328    9.7388428
  -4.9148721    3.6680444    0.8363209    0.5426558    1.8503233    0.5444549    0.1729665   -0.0134738    1.0871106    0.7700960   -0.3127538   17.3518882    9.7412867
  -4.9371675    3.6624806    0.8488285    0.5505406    1.8158187    0.5520569    0.1375857   -0.0259273    1.1025975    0.7966833   -0.3134709   17.4083438    9.7435744
  -4.9584312    3.6571745    0.8605885    0.5579026    1.7781387    0.5589934    0.1028643   -0.0379581    1.1168960    0.8217518   -0.3124904   17.4605226    9.7457100
  -4.9801384    3.6517579    0.8710298    0.5644850    1.7297355    0.5650686    0.0649055   -0.0507506    1.1295536    0.8439550   -0.3076365   17.5099366    9.7476990
  -5.0018465    3.6463421    0.8825383    0.5717432    1.6798494    0.5715784    0.0279255   -0.0634996    1.1433216    0.8682641   -0.3063902   17.5629606    9.7496707
  -5.0235546    3.6409204    0.8933474    0.5783680    1.6222455    0.5771731   -0.0085235   -0.0778523    1.1555412    0.8914587   -0.3009134   17.6117540    9.7516789
  -5.0452501    3.6355080    0.9029529    0.5841727    1.5562665    0.5817220   -0.0439897   -0.0950904    1.1658946    0.9121345   -0.2905407   17.6556201    9.7536702
  -5.0887013    3.6246750    0.9246082    0.5972962    1.4581881    0.5913798   -0.0887032   -0.1164484    1.1886759    0.9583284   -0.2819764   17.7556838    9.7576302
  -5.1104021    3.6192602    0.9339272    0.6027621    1.4078319    0.5945292   -0.1063240   -0.1242410    1.1972913    0.9782032   -0.2719177   17.7998771    9.7596303
  -5.1320880    3.6138402    0.9430556    0.6079849    1.3311948    0.5971002   -0.1362557   -0.1429906    1.2050850    0.9976931   -0.2585374   17.8407115    9.7616076
