 # Mass and radius (in solar units) of white dwarfs  (CO-core: New calculations following Camisassa et al. 2017,ONe-core:Camisassa et al. 2019)
#log(teff)/log(g)  7.50             7.60             7.70             7.80             7.90             8.00             8.10             8.20             8.30             8.40             8.50             8.60             8.70             8.80             8.90             9.00             9.10             9.20             9.30             9.40             9.50
  3.40             0.000   0.0000   0.000   0.0000   0.000   0.0000   0.000   0.0000   0.000   0.0000   0.564   0.0124   0.626   0.0117   0.691   0.0109   0.757   0.0102   0.823   0.0095   0.889   0.0088   0.956   0.0081   1.018   0.0075   1.075   0.0068   1.117   0.0062   1.160   0.0056   1.195   0.0051   1.228   0.0046   1.252   0.0042   1.276   0.0038   1.299   0.0033
  3.42             0.000   0.0000   0.000   0.0000   0.000   0.0000   0.000   0.0000   0.000   0.0000   0.564   0.0124   0.626   0.0117   0.691   0.0109   0.757   0.0102   0.823   0.0095   0.889   0.0088   0.956   0.0081   1.018   0.0075   1.075   0.0068   1.117   0.0062   1.160   0.0056   1.195   0.0051   1.228   0.0046   1.252   0.0042   1.276   0.0038   1.299   0.0033
  3.44             0.000   0.0000   0.000   0.0000   0.000   0.0000   0.000   0.0000   0.000   0.0000   0.564   0.0124   0.626   0.0117   0.691   0.0109   0.757   0.0102   0.823   0.0095   0.889   0.0088   0.956   0.0081   1.018   0.0075   1.075   0.0068   1.117   0.0062   1.160   0.0056   1.195   0.0051   1.228   0.0046   1.252   0.0042   1.276   0.0038   1.299   0.0033
  3.46             0.000   0.0000   0.000   0.0000   0.000   0.0000   0.000   0.0000   0.000   0.0000   0.564   0.0124   0.626   0.0117   0.691   0.0109   0.757   0.0102   0.823   0.0095   0.889   0.0088   0.956   0.0081   1.018   0.0075   1.075   0.0068   1.118   0.0062   1.160   0.0056   1.195   0.0051   1.228   0.0046   1.252   0.0042   1.276   0.0038   1.299   0.0033
  3.48             0.000   0.0000   0.000   0.0000   0.000   0.0000   0.000   0.0000   0.000   0.0000   0.564   0.0124   0.626   0.0117   0.691   0.0109   0.757   0.0102   0.823   0.0095   0.889   0.0088   0.956   0.0081   1.018   0.0075   1.075   0.0068   1.118   0.0062   1.160   0.0056   1.195   0.0051   1.228   0.0046   1.252   0.0042   1.276   0.0038   1.299   0.0033
  3.50             0.000   0.0000   0.000   0.0000   0.000   0.0000   0.000   0.0000   0.000   0.0000   0.564   0.0124   0.626   0.0117   0.691   0.0109   0.757   0.0102   0.823   0.0095   0.889   0.0088   0.956   0.0081   1.018   0.0075   1.075   0.0068   1.118   0.0062   1.160   0.0056   1.195   0.0051   1.228   0.0046   1.252   0.0042   1.276   0.0038   1.299   0.0033
  3.52             0.000   0.0000   0.000   0.0000   0.000   0.0000   0.000   0.0000   0.000   0.0000   0.564   0.0124   0.626   0.0117   0.691   0.0109   0.757   0.0102   0.823   0.0095   0.889   0.0088   0.956   0.0081   1.018   0.0075   1.075   0.0068   1.118   0.0062   1.160   0.0056   1.195   0.0051   1.228   0.0046   1.252   0.0042   1.276   0.0038   1.299   0.0033
  3.54             0.000   0.0000   0.000   0.0000   0.000   0.0000   0.000   0.0000   0.000   0.0000   0.564   0.0124   0.626   0.0117   0.691   0.0109   0.757   0.0102   0.823   0.0095   0.889   0.0088   0.956   0.0081   1.018   0.0075   1.075   0.0068   1.118   0.0062   1.160   0.0056   1.195   0.0051   1.228   0.0046   1.252   0.0042   1.276   0.0038   1.300   0.0033
  3.56             0.000   0.0000   0.000   0.0000   0.000   0.0000   0.000   0.0000   0.000   0.0000   0.564   0.0124   0.626   0.0117   0.691   0.0109   0.757   0.0102   0.823   0.0095   0.889   0.0088   0.956   0.0081   1.018   0.0075   1.075   0.0068   1.118   0.0062   1.160   0.0056   1.195   0.0051   1.228   0.0046   1.252   0.0042   1.276   0.0038   1.300   0.0033
  3.58             0.000   0.0000   0.000   0.0000   0.000   0.0000   0.000   0.0000   0.000   0.0000   0.564   0.0124   0.626   0.0117   0.691   0.0109   0.757   0.0102   0.823   0.0095   0.889   0.0088   0.956   0.0081   1.018   0.0075   1.075   0.0068   1.118   0.0062   1.160   0.0056   1.195   0.0051   1.228   0.0046   1.252   0.0042   1.276   0.0038   1.300   0.0033
  3.60             0.000   0.0000   0.000   0.0000   0.000   0.0000   0.000   0.0000   0.000   0.0000   0.564   0.0124   0.626   0.0117   0.691   0.0109   0.757   0.0102   0.823   0.0095   0.889   0.0088   0.956   0.0081   1.018   0.0075   1.075   0.0068   1.118   0.0062   1.160   0.0056   1.195   0.0051   1.228   0.0046   1.252   0.0042   1.276   0.0038   1.300   0.0033
  3.62             0.000   0.0000   0.000   0.0000   0.000   0.0000   0.000   0.0000   0.000   0.0000   0.564   0.0124   0.626   0.0117   0.691   0.0109   0.757   0.0102   0.823   0.0095   0.889   0.0088   0.956   0.0081   1.018   0.0075   1.075   0.0068   1.118   0.0062   1.160   0.0056   1.195   0.0051   1.228   0.0046   1.252   0.0042   1.276   0.0038   1.300   0.0033
  3.64             0.000   0.0000   0.000   0.0000   0.000   0.0000   0.000   0.0000   0.000   0.0000   0.564   0.0124   0.627   0.0117   0.691   0.0109   0.757   0.0102   0.823   0.0095   0.889   0.0088   0.956   0.0081   1.018   0.0075   1.075   0.0068   1.118   0.0062   1.160   0.0056   1.195   0.0051   1.228   0.0046   1.252   0.0042   1.276   0.0038   1.300   0.0033
  3.66             0.000   0.0000   0.000   0.0000   0.000   0.0000   0.000   0.0000   0.000   0.0000   0.564   0.0124   0.627   0.0117   0.691   0.0109   0.757   0.0102   0.823   0.0095   0.889   0.0088   0.956   0.0081   1.018   0.0075   1.075   0.0068   1.118   0.0062   1.160   0.0056   1.195   0.0051   1.228   0.0046   1.252   0.0042   1.276   0.0038   1.300   0.0033
  3.68             0.000   0.0000   0.000   0.0000   0.000   0.0000   0.000   0.0000   0.515   0.0133   0.564   0.0124   0.627   0.0117   0.691   0.0109   0.757   0.0102   0.823   0.0095   0.889   0.0088   0.956   0.0081   1.018   0.0075   1.075   0.0068   1.118   0.0062   1.160   0.0056   1.195   0.0051   1.228   0.0046   1.252   0.0042   1.276   0.0038   1.300   0.0033
  3.70             0.000   0.0000   0.000   0.0000   0.000   0.0000   0.000   0.0000   0.515   0.0133   0.564   0.0124   0.627   0.0117   0.691   0.0109   0.757   0.0102   0.823   0.0095   0.889   0.0088   0.956   0.0081   1.018   0.0075   1.075   0.0068   1.118   0.0062   1.160   0.0056   1.195   0.0051   1.228   0.0046   1.252   0.0042   1.276   0.0038   1.300   0.0033
  3.72             0.000   0.0000   0.000   0.0000   0.000   0.0000   0.000   0.0000   0.515   0.0133   0.565   0.0124   0.627   0.0117   0.691   0.0109   0.757   0.0102   0.823   0.0095   0.889   0.0088   0.956   0.0081   1.018   0.0075   1.075   0.0068   1.118   0.0062   1.160   0.0056   1.195   0.0051   1.228   0.0046   1.252   0.0042   1.276   0.0038   1.300   0.0033
  3.74             0.000   0.0000   0.000   0.0000   0.000   0.0000   0.000   0.0000   0.515   0.0133   0.565   0.0124   0.627   0.0117   0.691   0.0109   0.757   0.0102   0.823   0.0095   0.889   0.0088   0.956   0.0081   1.018   0.0075   1.075   0.0068   1.118   0.0062   1.160   0.0056   1.195   0.0051   1.228   0.0046   1.252   0.0042   1.276   0.0038   1.300   0.0033
  3.76             0.000   0.0000   0.000   0.0000   0.000   0.0000   0.000   0.0000   0.515   0.0133   0.565   0.0124   0.627   0.0117   0.692   0.0109   0.758   0.0102   0.823   0.0095   0.890   0.0088   0.956   0.0081   1.018   0.0075   1.075   0.0068   1.118   0.0062   1.160   0.0056   1.195   0.0051   1.228   0.0046   1.252   0.0042   1.276   0.0038   1.300   0.0033
  3.78             0.000   0.0000   0.000   0.0000   0.000   0.0000   0.000   0.0000   0.515   0.0133   0.565   0.0124   0.627   0.0117   0.692   0.0109   0.758   0.0102   0.823   0.0095   0.890   0.0088   0.956   0.0081   1.018   0.0075   1.075   0.0068   1.118   0.0062   1.160   0.0056   1.195   0.0051   1.228   0.0046   1.252   0.0042   1.276   0.0038   1.300   0.0033
  3.80             0.000   0.0000   0.000   0.0000   0.000   0.0000   0.000   0.0000   0.516   0.0133   0.565   0.0124   0.627   0.0117   0.692   0.0109   0.758   0.0102   0.824   0.0095   0.890   0.0088   0.956   0.0081   1.018   0.0075   1.075   0.0068   1.118   0.0062   1.160   0.0056   1.195   0.0051   1.228   0.0046   1.252   0.0042   1.276   0.0038   1.300   0.0033
  3.82             0.000   0.0000   0.000   0.0000   0.000   0.0000   0.000   0.0000   0.516   0.0133   0.566   0.0124   0.628   0.0117   0.692   0.0109   0.758   0.0102   0.824   0.0095   0.890   0.0088   0.956   0.0081   1.018   0.0075   1.075   0.0068   1.118   0.0062   1.160   0.0056   1.195   0.0051   1.228   0.0046   1.252   0.0042   1.276   0.0038   1.300   0.0033
  3.84             0.000   0.0000   0.000   0.0000   0.000   0.0000   0.000   0.0000   0.516   0.0133   0.566   0.0125   0.628   0.0117   0.692   0.0109   0.758   0.0102   0.824   0.0095   0.890   0.0088   0.956   0.0081   1.018   0.0075   1.075   0.0068   1.118   0.0062   1.160   0.0056   1.195   0.0051   1.228   0.0046   1.252   0.0042   1.276   0.0038   1.300   0.0033
  3.86             0.000   0.0000   0.000   0.0000   0.000   0.0000   0.000   0.0000   0.517   0.0133   0.566   0.0125   0.628   0.0117   0.692   0.0109   0.758   0.0102   0.824   0.0095   0.890   0.0088   0.957   0.0081   1.018   0.0075   1.075   0.0068   1.118   0.0062   1.160   0.0056   1.195   0.0051   1.228   0.0046   1.252   0.0042   1.276   0.0038   1.300   0.0033
  3.88             0.000   0.0000   0.000   0.0000   0.000   0.0000   0.000   0.0000   0.517   0.0134   0.567   0.0125   0.629   0.0117   0.693   0.0109   0.759   0.0102   0.824   0.0095   0.890   0.0088   0.957   0.0081   1.018   0.0075   1.075   0.0068   1.118   0.0062   1.160   0.0056   1.195   0.0051   1.228   0.0046   1.252   0.0042   1.276   0.0038   1.300   0.0033
  3.90             0.000   0.0000   0.000   0.0000   0.000   0.0000   0.000   0.0000   0.518   0.0134   0.567   0.0125   0.629   0.0117   0.693   0.0109   0.759   0.0102   0.824   0.0095   0.890   0.0088   0.957   0.0081   1.018   0.0075   1.075   0.0068   1.118   0.0062   1.160   0.0056   1.195   0.0051   1.228   0.0046   1.252   0.0042   1.276   0.0038   1.300   0.0033
  3.92             0.000   0.0000   0.000   0.0000   0.000   0.0000   0.000   0.0000   0.518   0.0134   0.568   0.0125   0.630   0.0117   0.694   0.0110   0.759   0.0102   0.825   0.0095   0.891   0.0088   0.957   0.0081   1.019   0.0075   1.075   0.0068   1.118   0.0062   1.160   0.0056   1.195   0.0051   1.228   0.0046   1.252   0.0042   1.276   0.0038   1.300   0.0033
  3.94             0.000   0.0000   0.000   0.0000   0.000   0.0000   0.000   0.0000   0.519   0.0134   0.569   0.0125   0.631   0.0117   0.694   0.0110   0.760   0.0102   0.825   0.0095   0.891   0.0088   0.957   0.0081   1.019   0.0075   1.076   0.0068   1.118   0.0062   1.160   0.0056   1.195   0.0051   1.228   0.0046   1.252   0.0042   1.276   0.0038   1.300   0.0033
  3.96             0.000   0.0000   0.000   0.0000   0.000   0.0000   0.000   0.0000   0.520   0.0134   0.570   0.0125   0.631   0.0117   0.695   0.0110   0.760   0.0102   0.826   0.0095   0.891   0.0088   0.957   0.0081   1.019   0.0075   1.076   0.0068   1.118   0.0062   1.160   0.0056   1.195   0.0051   1.228   0.0046   1.252   0.0042   1.276   0.0038   1.300   0.0033
  3.98             0.000   0.0000   0.000   0.0000   0.000   0.0000   0.000   0.0000   0.521   0.0134   0.571   0.0125   0.632   0.0117   0.696   0.0110   0.761   0.0102   0.826   0.0095   0.892   0.0088   0.958   0.0081   1.019   0.0075   1.076   0.0068   1.118   0.0062   1.160   0.0056   1.195   0.0051   1.228   0.0046   1.252   0.0042   1.276   0.0038   1.300   0.0033
  4.00             0.000   0.0000   0.000   0.0000   0.000   0.0000   0.000   0.0000   0.522   0.0134   0.572   0.0125   0.633   0.0117   0.697   0.0110   0.762   0.0102   0.827   0.0095   0.893   0.0088   0.958   0.0081   1.019   0.0075   1.076   0.0068   1.118   0.0062   1.160   0.0056   1.195   0.0051   1.228   0.0046   1.252   0.0042   1.276   0.0038   1.300   0.0033
  4.02             0.000   0.0000   0.000   0.0000   0.000   0.0000   0.000   0.0000   0.523   0.0134   0.573   0.0125   0.634   0.0117   0.698   0.0110   0.762   0.0102   0.828   0.0095   0.893   0.0088   0.958   0.0081   1.020   0.0075   1.076   0.0068   1.118   0.0062   1.160   0.0056   1.195   0.0051   1.228   0.0046   1.252   0.0042   1.276   0.0038   1.300   0.0033
  4.04             0.000   0.0000   0.000   0.0000   0.000   0.0000   0.000   0.0000   0.524   0.0134   0.574   0.0125   0.635   0.0118   0.698   0.0110   0.763   0.0102   0.829   0.0095   0.894   0.0088   0.959   0.0081   1.020   0.0075   1.076   0.0068   1.118   0.0062   1.160   0.0056   1.195   0.0051   1.228   0.0046   1.252   0.0042   1.276   0.0038   1.300   0.0033
  4.06             0.000   0.0000   0.000   0.0000   0.000   0.0000   0.000   0.0000   0.525   0.0135   0.575   0.0126   0.636   0.0118   0.699   0.0110   0.764   0.0102   0.829   0.0095   0.895   0.0088   0.959   0.0081   1.020   0.0075   1.076   0.0068   1.119   0.0062   1.161   0.0056   1.195   0.0051   1.228   0.0046   1.252   0.0042   1.276   0.0038   1.300   0.0033
  4.08             0.000   0.0000   0.000   0.0000   0.000   0.0000   0.000   0.0000   0.526   0.0135   0.576   0.0126   0.637   0.0118   0.700   0.0110   0.765   0.0103   0.830   0.0095   0.895   0.0088   0.960   0.0081   1.021   0.0075   1.077   0.0068   1.119   0.0062   1.161   0.0056   1.195   0.0051   1.228   0.0046   1.252   0.0042   1.276   0.0038   1.300   0.0033
  4.10             0.000   0.0000   0.000   0.0000   0.000   0.0000   0.000   0.0000   0.527   0.0135   0.578   0.0126   0.638   0.0118   0.701   0.0110   0.765   0.0103   0.831   0.0095   0.896   0.0088   0.960   0.0081   1.021   0.0075   1.077   0.0068   1.119   0.0062   1.161   0.0056   1.195   0.0051   1.229   0.0046   1.252   0.0042   1.276   0.0038   1.300   0.0033
  4.12             0.000   0.0000   0.000   0.0000   0.000   0.0000   0.000   0.0000   0.528   0.0135   0.579   0.0126   0.639   0.0118   0.702   0.0110   0.766   0.0103   0.831   0.0095   0.896   0.0088   0.960   0.0081   1.021   0.0075   1.077   0.0068   1.119   0.0062   1.161   0.0056   1.195   0.0051   1.229   0.0046   1.252   0.0042   1.276   0.0038   1.300   0.0033
  4.14             0.000   0.0000   0.000   0.0000   0.000   0.0000   0.000   0.0000   0.529   0.0135   0.580   0.0126   0.640   0.0118   0.702   0.0110   0.767   0.0103   0.832   0.0095   0.897   0.0088   0.961   0.0081   1.022   0.0075   1.077   0.0068   1.119   0.0062   1.161   0.0056   1.196   0.0051   1.229   0.0046   1.252   0.0042   1.276   0.0038   1.300   0.0033
  4.16             0.000   0.0000   0.000   0.0000   0.000   0.0000   0.000   0.0000   0.530   0.0135   0.581   0.0126   0.641   0.0118   0.703   0.0110   0.767   0.0103   0.832   0.0095   0.897   0.0088   0.961   0.0081   1.022   0.0075   1.078   0.0068   1.120   0.0062   1.161   0.0056   1.196   0.0051   1.229   0.0046   1.252   0.0042   1.276   0.0038   1.300   0.0033
  4.18             0.000   0.0000   0.000   0.0000   0.000   0.0000   0.000   0.0000   0.531   0.0135   0.582   0.0126   0.642   0.0118   0.704   0.0110   0.768   0.0103   0.833   0.0095   0.898   0.0088   0.962   0.0081   1.022   0.0075   1.078   0.0068   1.120   0.0062   1.162   0.0056   1.196   0.0051   1.229   0.0046   1.252   0.0042   1.276   0.0038   1.300   0.0033
  4.20             0.000   0.0000   0.000   0.0000   0.000   0.0000   0.000   0.0000   0.532   0.0136   0.584   0.0126   0.643   0.0118   0.705   0.0110   0.769   0.0103   0.834   0.0095   0.898   0.0088   0.962   0.0081   1.023   0.0075   1.078   0.0068   1.120   0.0062   1.162   0.0056   1.196   0.0051   1.229   0.0046   1.253   0.0042   1.276   0.0038   1.300   0.0033
  4.22             0.000   0.0000   0.000   0.0000   0.000   0.0000   0.000   0.0000   0.534   0.0136   0.585   0.0127   0.645   0.0118   0.706   0.0111   0.770   0.0103   0.835   0.0096   0.899   0.0088   0.963   0.0081   1.023   0.0075   1.078   0.0068   1.121   0.0062   1.162   0.0056   1.196   0.0051   1.229   0.0046   1.253   0.0042   1.276   0.0038   1.300   0.0033
  4.24             0.000   0.0000   0.000   0.0000   0.000   0.0000   0.000   0.0000   0.535   0.0136   0.587   0.0127   0.646   0.0119   0.707   0.0111   0.771   0.0103   0.835   0.0096   0.900   0.0088   0.963   0.0081   1.023   0.0075   1.079   0.0068   1.121   0.0062   1.163   0.0056   1.197   0.0051   1.229   0.0046   1.253   0.0042   1.276   0.0038   1.300   0.0033
  4.26             0.000   0.0000   0.000   0.0000   0.000   0.0000   0.000   0.0000   0.537   0.0136   0.589   0.0127   0.647   0.0119   0.709   0.0111   0.772   0.0103   0.836   0.0096   0.900   0.0088   0.964   0.0081   1.024   0.0075   1.079   0.0068   1.121   0.0062   1.163   0.0056   1.197   0.0051   1.229   0.0046   1.253   0.0042   1.276   0.0038   1.300   0.0033
  4.28             0.000   0.0000   0.000   0.0000   0.000   0.0000   0.000   0.0000   0.538   0.0136   0.591   0.0127   0.649   0.0119   0.710   0.0111   0.773   0.0103   0.837   0.0096   0.901   0.0088   0.964   0.0081   1.024   0.0075   1.079   0.0068   1.123   0.0062   1.165   0.0057   1.198   0.0051   1.230   0.0046   1.253   0.0042   1.277   0.0038   1.300   0.0033
  4.30             0.000   0.0000   0.000   0.0000   0.000   0.0000   0.000   0.0000   0.540   0.0136   0.593   0.0127   0.651   0.0119   0.711   0.0111   0.774   0.0103   0.838   0.0096   0.902   0.0088   0.965   0.0082   1.025   0.0075   1.077   0.0068   1.124   0.0062   1.167   0.0057   1.199   0.0051   1.230   0.0046   1.253   0.0042   1.277   0.0038   1.300   0.0033
  4.32             0.000   0.0000   0.000   0.0000   0.000   0.0000   0.000   0.0000   0.541   0.0137   0.595   0.0128   0.653   0.0119   0.713   0.0111   0.776   0.0103   0.839   0.0096   0.903   0.0089   0.966   0.0082   1.025   0.0075   1.078   0.0068   1.125   0.0062   1.168   0.0057   1.200   0.0051   1.231   0.0046   1.254   0.0042   1.277   0.0038   1.300   0.0033
  4.34             0.000   0.0000   0.000   0.0000   0.000   0.0000   0.000   0.0000   0.544   0.0137   0.597   0.0128   0.654   0.0119   0.715   0.0111   0.777   0.0103   0.840   0.0096   0.904   0.0089   0.966   0.0082   1.026   0.0075   1.078   0.0068   1.125   0.0062   1.169   0.0057   1.202   0.0051   1.232   0.0046   1.254   0.0042   1.277   0.0038   1.300   0.0033
  4.36             0.000   0.0000   0.000   0.0000   0.000   0.0000   0.000   0.0000   0.546   0.0137   0.600   0.0128   0.656   0.0120   0.716   0.0111   0.778   0.0103   0.841   0.0096   0.905   0.0089   0.967   0.0082   1.027   0.0075   1.078   0.0068   1.126   0.0062   1.169   0.0057   1.203   0.0051   1.233   0.0046   1.255   0.0042   1.278   0.0038   1.300   0.0033
  4.38             0.000   0.0000   0.000   0.0000   0.000   0.0000   0.000   0.0000   0.549   0.0138   0.602   0.0128   0.658   0.0120   0.718   0.0111   0.780   0.0104   0.843   0.0096   0.906   0.0089   0.968   0.0082   1.027   0.0075   1.079   0.0068   1.126   0.0062   1.170   0.0057   1.205   0.0051   1.235   0.0046   1.256   0.0042   1.278   0.0038   1.300   0.0033
  4.40             0.000   0.0000   0.000   0.0000   0.000   0.0000   0.000   0.0000   0.551   0.0138   0.604   0.0129   0.660   0.0120   0.720   0.0112   0.782   0.0104   0.844   0.0096   0.907   0.0089   0.969   0.0082   1.028   0.0075   1.079   0.0068   1.127   0.0062   1.171   0.0057   1.207   0.0051   1.236   0.0047   1.257   0.0042   1.279   0.0038   1.300   0.0033
  4.42             0.000   0.0000   0.000   0.0000   0.000   0.0000   0.515   0.0150   0.554   0.0138   0.607   0.0129   0.662   0.0120   0.722   0.0112   0.783   0.0104   0.845   0.0096   0.908   0.0089   0.970   0.0082   1.029   0.0075   1.079   0.0068   1.127   0.0062   1.172   0.0057   1.210   0.0051   1.238   0.0047   1.259   0.0042   1.279   0.0038   1.300   0.0033
  4.44             0.000   0.0000   0.000   0.0000   0.000   0.0000   0.518   0.0150   0.556   0.0139   0.609   0.0129   0.664   0.0120   0.724   0.0112   0.785   0.0104   0.847   0.0096   0.909   0.0089   0.971   0.0082   1.030   0.0075   1.080   0.0068   1.128   0.0062   1.173   0.0057   1.213   0.0051   1.239   0.0047   1.260   0.0042   1.280   0.0038   1.301   0.0033
  4.46             0.000   0.0000   0.000   0.0000   0.000   0.0000   0.520   0.0150   0.559   0.0139   0.611   0.0129   0.666   0.0120   0.726   0.0112   0.787   0.0104   0.848   0.0096   0.910   0.0089   0.972   0.0082   1.030   0.0075   1.080   0.0068   1.128   0.0062   1.173   0.0057   1.213   0.0051   1.240   0.0047   1.261   0.0042   1.281   0.0038   1.302   0.0033
  4.48             0.000   0.0000   0.000   0.0000   0.000   0.0000   0.522   0.0151   0.562   0.0139   0.614   0.0130   0.669   0.0121   0.727   0.0112   0.788   0.0104   0.850   0.0096   0.912   0.0089   0.973   0.0082   1.031   0.0075   1.081   0.0068   1.128   0.0062   1.173   0.0057   1.213   0.0051   1.240   0.0047   1.262   0.0042   1.283   0.0038   1.304   0.0033
  4.50             0.000   0.0000   0.000   0.0000   0.000   0.0000   0.524   0.0151   0.565   0.0140   0.616   0.0130   0.671   0.0121   0.729   0.0112   0.790   0.0104   0.851   0.0096   0.913   0.0089   0.974   0.0082   1.032   0.0075   1.082   0.0068   1.129   0.0063   1.174   0.0057   1.214   0.0051   1.241   0.0047   1.263   0.0042   1.285   0.0038   1.306   0.0033
  4.52             0.000   0.0000   0.000   0.0000   0.000   0.0000   0.527   0.0151   0.567   0.0140   0.619   0.0130   0.673   0.0121   0.731   0.0112   0.792   0.0104   0.853   0.0097   0.914   0.0089   0.975   0.0082   1.033   0.0075   1.082   0.0068   1.130   0.0063   1.174   0.0057   1.214   0.0051   1.242   0.0047   1.265   0.0042   1.289   0.0038   1.312   0.0033
  4.54             0.000   0.0000   0.000   0.0000   0.000   0.0000   0.529   0.0152   0.570   0.0140   0.622   0.0131   0.676   0.0121   0.733   0.0113   0.794   0.0105   0.855   0.0097   0.916   0.0089   0.976   0.0082   1.034   0.0075   1.083   0.0068   1.130   0.0063   1.175   0.0057   1.215   0.0052   1.246   0.0047   1.274   0.0042   1.302   0.0037   1.331   0.0033
  4.56             0.000   0.0000   0.000   0.0000   0.000   0.0000   0.532   0.0152   0.573   0.0141   0.625   0.0131   0.678   0.0122   0.735   0.0113   0.796   0.0105   0.856   0.0097   0.917   0.0089   0.977   0.0082   1.035   0.0075   1.084   0.0068   1.131   0.0063   1.175   0.0057   1.215   0.0052   1.248   0.0047   1.277   0.0042   1.307   0.0037   1.337   0.0033
  4.58             0.000   0.0000   0.000   0.0000   0.000   0.0000   0.534   0.0152   0.577   0.0141   0.628   0.0131   0.681   0.0122   0.737   0.0113   0.798   0.0105   0.858   0.0097   0.919   0.0089   0.979   0.0082   1.036   0.0075   1.084   0.0068   1.131   0.0063   1.175   0.0057   1.215   0.0052   1.248   0.0047   1.278   0.0042   1.308   0.0037   1.338   0.0033
  4.60             0.000   0.0000   0.000   0.0000   0.000   0.0000   0.537   0.0153   0.580   0.0141   0.631   0.0132   0.683   0.0122   0.740   0.0113   0.800   0.0105   0.860   0.0097   0.920   0.0089   0.980   0.0082   1.037   0.0075   1.085   0.0069   1.132   0.0063   1.176   0.0057   1.216   0.0052   1.248   0.0047   1.278   0.0042   1.308   0.0037   1.338   0.0033
  4.62             0.000   0.0000   0.000   0.0000   0.000   0.0000   0.540   0.0153   0.583   0.0142   0.634   0.0132   0.686   0.0122   0.742   0.0113   0.802   0.0105   0.861   0.0097   0.922   0.0089   0.981   0.0082   1.039   0.0075   1.086   0.0069   1.133   0.0063   1.177   0.0057   1.216   0.0052   1.249   0.0047   1.278   0.0042   1.308   0.0037   1.338   0.0033
  4.64             0.000   0.0000   0.000   0.0000   0.516   0.0168   0.542   0.0153   0.587   0.0142   0.637   0.0132   0.689   0.0123   0.744   0.0113   0.804   0.0105   0.863   0.0097   0.923   0.0090   0.983   0.0082   1.040   0.0075   1.087   0.0069   1.134   0.0063   1.177   0.0057   1.217   0.0052   1.249   0.0047   1.279   0.0042   1.309   0.0037   1.338   0.0033
  4.66             0.000   0.0000   0.000   0.0000   0.520   0.0169   0.547   0.0154   0.591   0.0143   0.640   0.0133   0.692   0.0123   0.747   0.0114   0.806   0.0105   0.865   0.0097   0.925   0.0090   0.984   0.0082   1.041   0.0075   1.088   0.0069   1.135   0.0063   1.178   0.0057   1.217   0.0052   1.249   0.0047   1.279   0.0042   1.309   0.0037   1.339   0.0033
  4.68             0.000   0.0000   0.000   0.0000   0.523   0.0169   0.552   0.0155   0.595   0.0143   0.644   0.0133   0.695   0.0123   0.750   0.0114   0.808   0.0106   0.867   0.0097   0.926   0.0090   0.985   0.0082   1.042   0.0076   1.089   0.0069   1.136   0.0063   1.179   0.0057   1.218   0.0052   1.250   0.0047   1.279   0.0042   1.309   0.0037   1.339   0.0033
  4.70             0.000   0.0000   0.000   0.0000   0.527   0.0170   0.556   0.0155   0.600   0.0144   0.647   0.0133   0.698   0.0123   0.752   0.0114   0.810   0.0106   0.868   0.0097   0.928   0.0090   0.987   0.0082   1.044   0.0076   1.090   0.0069   1.137   0.0063   1.179   0.0057   1.219   0.0052   1.250   0.0047   1.280   0.0042   1.310   0.0037   1.339   0.0033
  4.72             0.000   0.0000   0.000   0.0000   0.530   0.0171   0.561   0.0156   0.604   0.0144   0.651   0.0134   0.701   0.0124   0.755   0.0114   0.813   0.0106   0.870   0.0097   0.930   0.0090   0.988   0.0082   1.045   0.0076   1.091   0.0069   1.138   0.0063   1.180   0.0057   1.220   0.0052   1.251   0.0047   1.280   0.0042   1.310   0.0037   1.340   0.0033
  4.74             0.000   0.0000   0.000   0.0000   0.534   0.0171   0.566   0.0157   0.609   0.0145   0.654   0.0134   0.705   0.0124   0.758   0.0115   0.815   0.0106   0.872   0.0098   0.931   0.0090   0.990   0.0083   1.046   0.0076   1.092   0.0069   1.138   0.0063   1.181   0.0057   1.220   0.0052   1.251   0.0047   1.281   0.0042   1.310   0.0037   1.340   0.0033
  4.76             0.000   0.0000   0.517   0.0189   0.537   0.0172   0.571   0.0158   0.614   0.0146   0.658   0.0134   0.708   0.0124   0.761   0.0115   0.818   0.0106   0.875   0.0098   0.933   0.0090   0.991   0.0083   1.047   0.0076   1.092   0.0069   1.139   0.0063   1.182   0.0057   1.221   0.0052   1.252   0.0047   1.281   0.0042   1.311   0.0037   1.340   0.0033
  4.78             0.000   0.0000   0.522   0.0190   0.541   0.0172   0.576   0.0158   0.618   0.0146   0.662   0.0135   0.712   0.0125   0.764   0.0115   0.820   0.0106   0.877   0.0098   0.935   0.0090   0.993   0.0083   1.048   0.0076   1.093   0.0069   1.140   0.0063   1.183   0.0057   1.222   0.0052   1.253   0.0047   1.282   0.0042   1.311   0.0037   1.341   0.0033
  4.80             0.000   0.0000   0.526   0.0191   0.546   0.0173   0.582   0.0159   0.623   0.0147   0.666   0.0135   0.716   0.0125   0.768   0.0115   0.823   0.0107   0.879   0.0098   0.937   0.0090   0.994   0.0083   1.050   0.0076   1.094   0.0069   1.141   0.0063   1.183   0.0057   1.223   0.0052   1.253   0.0047   1.283   0.0042   1.312   0.0037   1.341   0.0033
  4.82             0.000   0.0000   0.530   0.0192   0.553   0.0174   0.587   0.0160   0.629   0.0148   0.671   0.0136   0.719   0.0125   0.771   0.0116   0.826   0.0107   0.881   0.0098   0.939   0.0090   0.996   0.0083   1.049   0.0075   1.095   0.0069   1.142   0.0063   1.184   0.0057   1.224   0.0052   1.254   0.0047   1.283   0.0042   1.313   0.0037   1.343   0.0033
  4.84             0.518   0.0212   0.535   0.0192   0.560   0.0175   0.594   0.0161   0.634   0.0148   0.676   0.0136   0.723   0.0126   0.775   0.0116   0.829   0.0107   0.884   0.0098   0.941   0.0090   0.997   0.0083   1.050   0.0075   1.096   0.0069   1.143   0.0063   1.185   0.0057   1.224   0.0052   1.255   0.0047   1.285   0.0042   1.315   0.0037   1.344   0.0033
  4.86             0.523   0.0214   0.538   0.0193   0.566   0.0176   0.600   0.0162   0.639   0.0149   0.681   0.0137   0.728   0.0126   0.779   0.0116   0.832   0.0107   0.886   0.0098   0.943   0.0090   0.999   0.0083   1.051   0.0075   1.097   0.0069   1.143   0.0063   1.185   0.0057   1.225   0.0052   1.255   0.0047   1.285   0.0042   1.316   0.0037   1.346   0.0033
  4.88             0.528   0.0215   0.542   0.0193   0.572   0.0177   0.607   0.0163   0.645   0.0149   0.686   0.0137   0.732   0.0126   0.783   0.0117   0.836   0.0107   0.889   0.0099   0.945   0.0091   1.001   0.0083   1.052   0.0075   1.098   0.0069   1.144   0.0063   1.186   0.0057   1.226   0.0052   1.256   0.0047   1.286   0.0042   1.316   0.0037   1.346   0.0033
  4.90             0.532   0.0216   0.550   0.0195   0.578   0.0178   0.613   0.0164   0.650   0.0150   0.692   0.0138   0.737   0.0127   0.788   0.0117   0.839   0.0108   0.892   0.0099   0.947   0.0091   1.003   0.0083   1.053   0.0075   1.099   0.0069   1.145   0.0063   1.187   0.0057   1.226   0.0052   1.256   0.0047   1.286   0.0042   1.317   0.0037   1.347   0.0033
